時間,回転１,回転２,回転３
2022-01-18 18:00:00.009261,0.0,0.0,-0.03864
2022-01-18 18:00:00.507319,0.0,0.0,-0.03864
2022-01-18 18:00:01.005671,0.0,0.0,-0.03864
2022-01-18 18:00:01.505144,0.0,0.0,-0.03864
2022-01-18 18:00:02.004207,0.0,0.0,-0.03864
2022-01-18 18:00:02.502288,0.0,0.0,-0.03864
2022-01-18 18:00:03.001941,0.0,0.0,-0.03864
2022-01-18 18:00:03.506328,0.0,0.0,-0.03864
2022-01-18 18:00:04.005066,0.0,0.0,-0.03864
2022-01-18 18:00:04.509688,0.0,0.0,-0.03864
2022-01-18 18:00:05.010308,0.0,0.0,-0.03864
2022-01-18 18:00:05.506465,0.0,0.0,0.0
2022-01-18 18:00:06.004408,0.0,0.0,0.0
2022-01-18 18:00:06.509475,0.0,0.0,-0.03864
2022-01-18 18:00:07.006437,0.0,0.0,-0.03864
2022-01-18 18:00:07.501195,0.0,0.0,0.0
2022-01-18 18:00:08.007511,0.0,0.0,0.0
2022-01-18 18:00:08.503988,0.0,0.0,0.0
2022-01-18 18:00:09.504954,0.0,0.0,-0.03864
2022-01-18 18:00:10.003706,0.0,0.0,-0.03864
2022-01-18 18:00:10.508822,0.0,0.0,-0.03864
2022-01-18 18:00:11.006630,0.0,0.0,-0.03864
2022-01-18 18:00:11.501440,0.0,0.0,0.0
2022-01-18 18:00:12.010402,0.0,0.0,0.0
2022-01-18 18:00:12.506117,0.0,0.0,0.0
2022-01-18 18:00:13.004026,0.0,0.0,0.0
2022-01-18 18:00:13.502025,0.0,0.0,0.0
2022-01-18 18:00:14.010708,0.0,0.0,0.0
2022-01-18 18:00:14.506205,0.0,0.0,-0.07822
2022-01-18 18:00:15.005446,0.0,0.0,-0.07822
2022-01-18 18:00:15.508545,0.0,0.0,-0.11781
2022-01-18 18:00:16.002901,0.0,0.0,-0.11781
2022-01-18 18:00:16.507306,0.0,0.0,0.0
2022-01-18 18:00:17.005545,0.0,0.0,0.0
2022-01-18 18:00:17.510351,0.0,0.0,0.0
2022-01-18 18:00:18.008591,0.0,0.0,0.0
2022-01-18 18:00:18.504393,0.0,0.0,-0.03864
2022-01-18 18:00:19.002343,0.0,0.0,-0.03864
2022-01-18 18:00:19.506929,0.0,0.0,0.0
2022-01-18 18:00:20.004649,0.0,0.0,0.0
2022-01-18 18:00:20.501169,0.0,0.0,0.0
2022-01-18 18:00:21.009686,0.0,0.0,0.0
2022-01-18 18:00:21.504453,0.0,0.0,0.0
2022-01-18 18:00:22.002701,0.0,0.0,0.0
2022-01-18 18:00:22.510164,0.0,0.0,0.0
2022-01-18 18:00:23.007674,0.0,0.0,0.0
2022-01-18 18:00:23.502769,0.0,0.0,0.0
2022-01-18 18:00:24.001103,0.0,0.0,0.0
2022-01-18 18:00:24.504616,0.0,0.0,0.0
2022-01-18 18:00:25.003756,0.0,0.0,0.0
2022-01-18 18:00:25.509418,0.0,0.0,0.0
2022-01-18 18:00:26.006896,0.0,0.0,0.0
2022-01-18 18:00:26.502361,0.0,0.0,0.0
2022-01-18 18:00:27.010898,0.0,0.0,0.0
2022-01-18 18:00:27.509374,0.0,0.0,0.0
2022-01-18 18:00:28.006561,0.0,0.0,0.0
2022-01-18 18:00:28.506220,0.0,0.0,0.0
2022-01-18 18:00:29.008811,0.0,0.0,0.0
2022-01-18 18:00:29.511140,0.0,0.0,0.0
2022-01-18 18:00:30.004089,0.0,0.0,0.0
2022-01-18 18:00:30.506518,0.0,0.0,0.0
2022-01-18 18:00:31.005638,0.0,0.0,0.0
2022-01-18 18:00:31.506424,0.0,0.0,0.0
2022-01-18 18:00:32.003686,0.0,0.0,0.0
2022-01-18 18:00:32.510277,0.0,0.0,0.0
2022-01-18 18:00:33.007598,0.0,0.0,0.0
2022-01-18 18:00:33.501216,0.0,0.0,0.0
2022-01-18 18:00:34.007374,0.0,0.0,0.0
2022-01-18 18:00:34.505308,0.0,0.0,0.0
2022-01-18 18:00:35.008856,0.0,0.0,0.0
2022-01-18 18:00:35.509030,0.0,0.0,0.0
2022-01-18 18:00:36.005914,0.0,0.0,0.0
2022-01-18 18:00:36.509563,0.0,0.0,0.0
2022-01-18 18:00:37.008254,0.0,0.0,0.0
2022-01-18 18:00:37.503540,0.0,0.0,0.0
2022-01-18 18:00:38.003031,0.0,0.0,0.0
2022-01-18 18:00:38.503085,0.0,0.0,0.0
2022-01-18 18:00:39.010777,0.0,0.0,0.0
2022-01-18 18:00:39.504757,0.0,0.0,0.0
2022-01-18 18:00:40.008885,0.0,0.0,0.0
2022-01-18 18:00:40.503416,0.0,0.0,0.0
2022-01-18 18:00:41.010053,0.0,0.0,0.0
2022-01-18 18:00:41.502887,0.0,0.0,-0.03864
2022-01-18 18:00:42.001199,0.0,0.0,-0.03864
2022-01-18 18:00:42.504870,0.0,0.0,-0.03864
2022-01-18 18:00:43.002752,0.0,0.0,-0.03864
2022-01-18 18:00:43.510201,0.0,0.0,0.0
2022-01-18 18:00:44.007869,0.0,0.0,0.0
2022-01-18 18:00:44.503648,0.0,0.0,0.0
2022-01-18 18:00:45.009831,0.0,0.0,0.0
2022-01-18 18:00:45.500938,0.0,0.0,0.0
2022-01-18 18:00:46.010746,0.0,0.0,0.0
2022-01-18 18:00:46.503334,0.0,0.0,0.0
2022-01-18 18:00:47.005985,0.0,0.0,0.0
2022-01-18 18:00:47.508963,0.0,0.0,0.0
2022-01-18 18:00:48.002078,0.0,0.0,0.0
2022-01-18 18:00:48.506593,0.0,0.0,0.0
2022-01-18 18:00:49.000814,0.0,0.0,0.0
2022-01-18 18:00:49.501464,0.0,0.0,0.0
2022-01-18 18:00:50.005414,0.0,0.0,0.0
2022-01-18 18:00:50.507039,0.0,0.0,0.0
2022-01-18 18:00:51.008195,0.0,0.0,0.0
2022-01-18 18:00:51.501488,0.0,0.0,0.0
2022-01-18 18:00:52.009970,0.0,0.0,0.0
2022-01-18 18:00:52.500752,0.0,0.0,0.0
2022-01-18 18:00:53.004161,0.0,0.0,0.0
2022-01-18 18:00:53.503272,0.0,0.0,0.0
2022-01-18 18:00:54.003576,0.0,0.0,0.0
2022-01-18 18:00:54.506097,0.0,0.0,0.0
2022-01-18 18:00:55.009421,0.0,0.0,0.0
2022-01-18 18:00:55.510912,0.0,0.0,0.0
2022-01-18 18:00:56.009187,0.0,0.0,0.0
2022-01-18 18:00:56.504379,0.0,0.0,0.0
2022-01-18 18:00:57.003755,0.0,0.0,0.0
2022-01-18 18:00:57.509112,0.0,0.0,0.0
2022-01-18 18:00:58.009697,0.0,0.0,0.0
2022-01-18 18:00:58.501168,0.0,0.0,0.0
2022-01-18 18:00:59.003786,0.0,0.0,0.0
2022-01-18 18:00:59.506121,0.0,0.0,0.0
2022-01-18 18:01:00.005373,0.0,0.0,0.0
2022-01-18 18:01:00.508177,0.0,0.0,0.0
2022-01-18 18:01:01.005447,0.0,0.0,0.0
2022-01-18 18:01:01.501371,0.0,0.0,0.0
2022-01-18 18:01:02.006483,0.0,0.0,0.0
2022-01-18 18:01:02.502126,0.0,0.0,0.0
2022-01-18 18:01:03.009446,0.0,0.0,0.0
2022-01-18 18:01:03.503490,0.0,0.0,0.0
2022-01-18 18:01:04.007432,0.0,0.0,0.0
2022-01-18 18:01:04.502877,0.0,0.0,0.0
2022-01-18 18:01:05.007988,0.0,0.0,0.0
2022-01-18 18:01:05.502784,0.0,0.0,0.0
2022-01-18 18:01:06.009756,0.0,0.0,0.0
2022-01-18 18:01:06.505403,0.0,0.0,0.0
2022-01-18 18:01:07.002913,0.0,0.0,0.0
2022-01-18 18:01:07.509180,0.0,0.0,0.0
2022-01-18 18:01:08.007128,0.0,0.0,0.0
2022-01-18 18:01:08.500865,0.0,0.0,0.0
2022-01-18 18:01:09.007907,0.0,0.0,0.0
2022-01-18 18:01:09.509516,0.0,0.0,0.0
2022-01-18 18:01:10.001193,0.0,0.0,0.0
2022-01-18 18:01:10.504596,0.0,0.0,0.0
2022-01-18 18:01:11.009783,0.0,0.0,0.0
2022-01-18 18:01:11.503218,0.0,0.0,0.0
2022-01-18 18:01:12.007654,0.0,0.0,0.0
2022-01-18 18:01:12.509892,0.0,0.0,0.0
2022-01-18 18:01:13.009075,0.0,0.0,0.0
2022-01-18 18:01:13.510826,0.0,0.0,0.0
2022-01-18 18:01:14.006090,0.0,0.0,0.0
2022-01-18 18:01:14.502300,0.0,0.0,0.0
2022-01-18 18:01:15.006956,0.0,0.0,0.0
2022-01-18 18:01:15.502926,0.0,0.0,0.0
2022-01-18 18:01:16.002972,0.0,0.0,0.0
2022-01-18 18:01:16.507643,0.0,0.0,0.0
2022-01-18 18:01:17.007658,0.0,0.0,0.0
2022-01-18 18:01:17.502314,0.0,0.0,0.0
2022-01-18 18:01:18.010384,0.0,0.0,0.0
2022-01-18 18:01:18.504991,0.0,0.0,0.0
2022-01-18 18:01:19.002670,0.0,0.0,0.0
2022-01-18 18:01:19.506882,0.0,0.0,0.0
2022-01-18 18:01:20.003837,0.0,0.0,0.0
2022-01-18 18:01:20.508986,0.0,0.0,0.0
2022-01-18 18:01:21.006800,0.0,0.0,0.0
2022-01-18 18:01:21.500791,0.0,0.0,0.0
2022-01-18 18:01:22.004799,0.0,0.0,0.0
2022-01-18 18:01:22.510490,0.0,0.0,-0.03864
2022-01-18 18:01:23.007943,0.0,0.0,-0.03864
2022-01-18 18:01:23.503730,0.0,0.0,0.0
2022-01-18 18:01:24.002870,0.0,0.0,0.0
2022-01-18 18:01:24.507370,0.0,0.0,0.0
2022-01-18 18:01:25.003964,0.0,0.0,0.0
2022-01-18 18:01:25.509351,0.0,0.0,0.0
2022-01-18 18:01:26.008498,0.0,0.0,0.0
2022-01-18 18:01:26.502886,0.0,0.0,0.0
2022-01-18 18:01:27.504665,0.0,0.0,0.0
2022-01-18 18:01:28.002884,0.0,0.0,0.0
2022-01-18 18:01:28.502702,0.0,0.0,-0.03864
2022-01-18 18:01:29.001871,0.0,0.0,-0.03864
2022-01-18 18:01:29.504908,0.0,0.0,0.0
2022-01-18 18:01:30.009435,0.0,0.0,0.0
2022-01-18 18:01:30.504154,0.0,0.0,0.0
2022-01-18 18:01:31.001769,0.0,0.0,0.0
2022-01-18 18:01:31.505570,0.0,0.0,0.0
2022-01-18 18:01:32.003574,0.0,0.0,0.0
2022-01-18 18:01:32.508751,0.0,0.0,0.0
2022-01-18 18:01:33.007324,0.0,0.0,0.0
2022-01-18 18:01:33.502605,0.0,0.0,0.0
2022-01-18 18:01:34.009973,0.0,0.0,0.0
2022-01-18 18:01:34.503831,0.0,0.0,0.0
2022-01-18 18:01:35.003222,0.0,0.0,0.0
2022-01-18 18:01:35.507391,0.0,0.0,0.0
2022-01-18 18:01:36.006024,0.0,0.0,0.0
2022-01-18 18:01:36.501921,0.0,0.0,0.0
2022-01-18 18:01:37.504351,0.0,0.0,-0.03864
2022-01-18 18:01:38.002461,0.0,0.0,-0.03864
2022-01-18 18:01:38.505682,0.0,0.0,0.0
2022-01-18 18:01:39.004680,0.0,0.0,0.0
2022-01-18 18:01:39.510045,0.0,0.0,0.0
2022-01-18 18:01:40.006168,0.0,0.0,0.0
2022-01-18 18:01:40.506633,0.0,0.0,0.0
2022-01-18 18:01:41.011590,0.0,0.0,0.0
2022-01-18 18:01:41.501264,0.0,0.0,0.0
2022-01-18 18:01:42.010785,0.0,0.0,0.0
2022-01-18 18:01:42.505762,0.0,0.0,0.0
2022-01-18 18:01:43.002874,0.0,0.0,0.0
2022-01-18 18:01:43.505542,0.0,0.0,0.0
2022-01-18 18:01:44.003401,0.0,0.0,0.0
2022-01-18 18:01:44.506787,0.0,0.0,0.0
2022-01-18 18:01:45.003712,0.0,0.0,0.0
2022-01-18 18:01:45.507410,0.0,0.0,0.0
2022-01-18 18:01:46.004658,0.0,0.0,0.0
2022-01-18 18:01:46.502363,0.0,0.0,0.0
2022-01-18 18:01:47.009838,0.0,0.0,0.0
2022-01-18 18:01:47.503939,0.0,0.0,0.0
2022-01-18 18:01:48.002742,0.0,0.0,0.0
2022-01-18 18:01:48.506779,0.0,0.0,0.0
2022-01-18 18:01:49.004562,0.0,0.0,0.0
2022-01-18 18:01:49.509415,0.0,0.0,0.0
2022-01-18 18:01:50.008561,0.0,0.0,0.0
2022-01-18 18:01:50.505495,0.0,0.0,0.0
2022-01-18 18:01:51.002883,0.0,0.0,0.0
2022-01-18 18:01:51.506992,0.0,0.0,0.0
2022-01-18 18:01:52.005472,0.0,0.0,0.0
2022-01-18 18:01:52.509681,0.0,0.0,0.0
2022-01-18 18:01:53.007975,0.0,0.0,0.0
2022-01-18 18:01:53.502936,0.0,0.0,0.0
2022-01-18 18:01:54.010679,0.0,0.0,0.0
2022-01-18 18:01:54.505142,0.0,0.0,0.0
2022-01-18 18:01:55.002330,0.0,0.0,0.0
2022-01-18 18:01:55.508628,0.0,0.0,0.0
2022-01-18 18:01:56.005680,0.0,0.0,0.0
2022-01-18 18:01:56.507998,0.0,0.0,0.0
2022-01-18 18:01:57.006433,0.0,0.0,0.0
2022-01-18 18:01:57.501776,0.0,0.0,0.0
2022-01-18 18:01:58.011160,0.0,0.0,0.0
2022-01-18 18:01:58.506308,0.0,0.0,0.0
2022-01-18 18:01:59.003401,0.0,0.0,0.0
2022-01-18 18:01:59.507550,0.0,0.0,0.0
2022-01-18 18:02:00.006196,0.0,0.0,0.0
2022-01-18 18:02:00.502206,0.0,0.0,0.0
2022-01-18 18:02:01.001426,0.0,0.0,0.0
2022-01-18 18:02:01.507752,0.0,0.0,0.0
2022-01-18 18:02:02.007053,0.0,0.0,0.0
2022-01-18 18:02:02.510646,0.0,0.0,0.0
2022-01-18 18:02:03.009972,0.0,0.0,0.0
2022-01-18 18:02:03.503663,0.0,0.0,0.0
2022-01-18 18:02:04.504058,0.0,0.0,0.0
2022-01-18 18:02:05.002892,0.0,0.0,0.0
2022-01-18 18:02:05.505179,0.0,0.0,0.0
2022-01-18 18:02:06.002310,0.0,0.0,0.0
2022-01-18 18:02:06.506625,0.0,0.0,0.0
2022-01-18 18:02:07.003889,0.0,0.0,0.0
2022-01-18 18:02:07.510117,0.0,0.0,0.0
2022-01-18 18:02:08.008430,0.0,0.0,0.0
2022-01-18 18:02:08.507990,0.0,0.0,0.0
2022-01-18 18:02:09.009003,0.0,0.0,0.0
2022-01-18 18:02:09.502125,0.0,0.0,0.0
2022-01-18 18:02:10.009569,0.0,0.0,0.0
2022-01-18 18:02:10.508067,0.0,0.0,0.0
2022-01-18 18:02:11.006040,0.0,0.0,0.0
2022-01-18 18:02:11.506246,0.0,0.0,0.0
2022-01-18 18:02:12.002668,0.0,0.0,0.0
2022-01-18 18:02:12.509766,0.0,0.0,0.0
2022-01-18 18:02:13.008426,0.0,0.0,0.0
2022-01-18 18:02:13.509786,0.0,0.0,0.0
2022-01-18 18:02:14.007568,0.0,0.0,0.0
2022-01-18 18:02:14.501549,0.0,0.0,0.0
2022-01-18 18:02:15.009229,0.0,0.0,0.0
2022-01-18 18:02:15.504968,0.0,0.0,0.0
2022-01-18 18:02:16.010221,0.0,0.0,0.0
2022-01-18 18:02:16.509637,0.0,0.0,0.0
2022-01-18 18:02:17.010828,0.0,0.0,0.0
2022-01-18 18:02:17.502507,0.0,0.0,0.0
2022-01-18 18:02:18.006245,0.0,0.0,0.0
2022-01-18 18:02:18.503976,0.0,0.0,0.0
2022-01-18 18:02:19.004307,0.0,0.0,0.0
2022-01-18 18:02:19.507570,0.0,0.0,0.0
2022-01-18 18:02:20.006637,0.0,0.0,0.0
2022-01-18 18:02:20.504462,0.0,0.0,0.0
2022-01-18 18:02:21.007725,0.0,0.0,0.0
2022-01-18 18:02:21.503451,0.0,0.0,0.0
2022-01-18 18:02:22.002366,0.0,0.0,0.0
2022-01-18 18:02:22.507296,0.0,0.0,0.0
2022-01-18 18:02:23.004369,0.0,0.0,0.0
2022-01-18 18:02:24.004013,0.0,0.0,0.0
2022-01-18 18:02:24.508522,0.0,0.0,0.0
2022-01-18 18:02:25.010970,0.0,0.0,0.0
2022-01-18 18:02:25.505949,0.0,0.0,0.0
2022-01-18 18:02:26.010068,0.0,0.0,0.0
2022-01-18 18:02:26.505704,0.0,0.0,0.0
2022-01-18 18:02:27.003295,0.0,0.0,0.0
2022-01-18 18:02:27.506132,0.0,0.0,0.0
2022-01-18 18:02:28.002927,0.0,0.0,0.0
2022-01-18 18:02:28.505383,0.0,0.0,0.0
2022-01-18 18:02:29.001230,0.0,0.0,0.0
2022-01-18 18:02:29.501480,0.0,0.0,0.0
2022-01-18 18:02:30.007447,0.0,0.0,0.0
2022-01-18 18:02:30.502364,0.0,0.0,0.0
2022-01-18 18:02:31.009932,0.0,0.0,0.0
2022-01-18 18:02:31.504964,0.0,0.0,0.0
2022-01-18 18:02:32.002928,0.0,0.0,0.0
2022-01-18 18:02:32.509434,0.0,0.0,0.0
2022-01-18 18:02:33.001918,0.0,0.0,0.0
2022-01-18 18:02:33.509659,0.0,0.0,0.0
2022-01-18 18:02:34.007737,0.0,0.0,0.0
2022-01-18 18:02:35.004956,0.0,0.0,0.0
2022-01-18 18:02:35.503159,0.0,0.0,0.0
2022-01-18 18:02:36.010262,0.0,0.0,0.0
2022-01-18 18:02:36.506207,0.0,0.0,0.0
2022-01-18 18:02:37.003672,0.0,0.0,0.0
2022-01-18 18:02:37.508945,0.0,0.0,0.0
2022-01-18 18:02:38.007210,0.0,0.0,0.0
2022-01-18 18:02:38.504146,0.0,0.0,0.0
2022-01-18 18:02:39.001918,0.0,0.0,0.0
2022-01-18 18:02:39.507548,0.0,0.0,0.0
2022-01-18 18:02:40.005841,0.0,0.0,0.0
2022-01-18 18:02:40.509910,0.0,0.0,0.0
2022-01-18 18:02:41.007422,0.0,0.0,0.0
2022-01-18 18:02:41.504121,0.0,0.0,0.0
2022-01-18 18:02:42.002662,0.0,0.0,0.0
2022-01-18 18:02:42.504002,0.0,0.0,0.0
2022-01-18 18:02:43.007002,0.0,0.0,0.0
2022-01-18 18:02:43.509115,0.0,0.0,0.0
2022-01-18 18:02:44.005970,0.0,0.0,0.0
2022-01-18 18:02:44.510883,0.0,0.0,0.0
2022-01-18 18:02:45.004440,0.0,0.0,0.0
2022-01-18 18:02:45.509415,0.0,0.0,0.0
2022-01-18 18:02:46.004588,0.0,0.0,0.0
2022-01-18 18:02:46.509775,0.0,0.0,0.0
2022-01-18 18:02:47.008289,0.0,0.0,0.0
2022-01-18 18:02:47.503313,0.0,0.0,0.0
2022-01-18 18:02:48.001541,0.0,0.0,0.0
2022-01-18 18:02:48.507602,0.0,0.0,0.0
2022-01-18 18:02:49.002259,0.0,0.0,0.0
2022-01-18 18:02:49.507222,0.0,0.0,0.0
2022-01-18 18:02:50.004229,0.0,0.0,0.0
2022-01-18 18:02:50.510787,0.0,0.0,0.0
2022-01-18 18:02:51.008294,0.0,0.0,0.0
2022-01-18 18:02:51.501677,0.0,0.0,0.0
2022-01-18 18:02:52.009998,0.0,0.0,0.0
2022-01-18 18:02:52.500717,0.0,0.0,0.0
2022-01-18 18:02:53.000681,0.0,0.0,0.0
2022-01-18 18:02:53.509644,0.0,0.0,0.0
2022-01-18 18:02:54.002210,0.0,0.0,0.0
2022-01-18 18:02:54.508424,0.0,0.0,0.0
2022-01-18 18:02:55.006575,0.0,0.0,0.0
2022-01-18 18:02:55.509985,0.0,0.0,0.0
2022-01-18 18:02:56.001535,0.0,0.0,0.0
2022-01-18 18:02:56.507462,0.0,0.0,0.0
2022-01-18 18:02:57.003857,0.0,0.0,0.0
2022-01-18 18:02:57.509013,0.0,0.0,0.0
2022-01-18 18:02:58.005944,0.0,0.0,0.0
2022-01-18 18:02:58.509956,0.0,0.0,0.0
2022-01-18 18:02:59.006539,0.0,0.0,0.0
2022-01-18 18:02:59.510570,0.0,0.0,0.0
2022-01-18 18:03:00.008663,0.0,0.0,0.0
2022-01-18 18:03:00.505669,0.0,0.0,0.0
2022-01-18 18:03:01.003745,0.0,0.0,0.0
2022-01-18 18:03:01.510368,0.0,0.0,0.0
2022-01-18 18:03:02.005656,0.0,0.0,0.0
2022-01-18 18:03:02.510775,0.0,0.0,0.0
2022-01-18 18:03:03.006521,0.0,0.0,0.0
2022-01-18 18:03:03.509539,0.0,0.0,0.0
2022-01-18 18:03:04.005800,0.0,0.0,0.0
2022-01-18 18:03:04.503857,0.0,0.0,0.0
2022-01-18 18:03:05.008526,0.0,0.0,0.0
2022-01-18 18:03:05.510740,0.0,0.0,0.0
2022-01-18 18:03:06.005500,0.0,0.0,0.0
2022-01-18 18:03:06.510332,0.0,0.0,0.0
2022-01-18 18:03:07.006665,0.0,0.0,0.0
2022-01-18 18:03:07.501657,0.0,0.0,0.0
2022-01-18 18:03:08.006736,0.0,0.0,0.0
2022-01-18 18:03:08.507530,0.0,0.0,0.0
2022-01-18 18:03:09.010040,0.0,0.0,0.0
2022-01-18 18:03:09.500727,0.0,0.0,0.0
2022-01-18 18:03:10.005557,0.0,0.0,0.0
2022-01-18 18:03:10.505397,0.0,0.0,0.0
2022-01-18 18:03:11.002581,0.0,0.0,0.0
2022-01-18 18:03:11.508909,0.0,0.0,0.0
2022-01-18 18:03:12.007259,0.0,0.0,0.0
2022-01-18 18:03:12.507474,0.0,0.0,0.0
2022-01-18 18:03:13.006284,0.0,0.0,0.0
2022-01-18 18:03:13.504820,0.0,0.0,0.0
2022-01-18 18:03:14.004494,0.0,0.0,0.0
2022-01-18 18:03:14.501485,0.0,0.0,0.0
2022-01-18 18:03:15.002149,0.0,0.0,0.0
2022-01-18 18:03:15.508504,0.0,0.0,0.0
2022-01-18 18:03:16.007672,0.0,0.0,0.0
2022-01-18 18:03:16.506346,0.0,0.0,0.0
2022-01-18 18:03:17.002655,0.0,0.0,0.0
2022-01-18 18:03:17.509996,0.0,0.0,0.0
2022-01-18 18:03:18.006276,0.0,0.0,0.0
2022-01-18 18:03:18.505798,0.0,0.0,0.0
2022-01-18 18:03:19.009727,0.0,0.0,0.0
2022-01-18 18:03:19.510974,0.0,0.0,0.0
2022-01-18 18:03:20.008437,0.0,0.0,0.0
2022-01-18 18:03:20.503588,0.0,0.0,0.0
2022-01-18 18:03:21.007932,0.0,0.0,0.0
2022-01-18 18:03:21.509072,0.0,0.0,0.0
2022-01-18 18:03:22.007926,0.0,0.0,0.0
2022-01-18 18:03:22.510355,0.0,0.0,0.0
2022-01-18 18:03:23.009090,0.0,0.0,0.0
2022-01-18 18:03:23.507655,0.0,0.0,0.0
2022-01-18 18:03:24.006904,0.0,0.0,0.0
2022-01-18 18:03:24.506635,0.0,0.0,0.0
2022-01-18 18:03:25.005640,0.0,0.0,0.0
2022-01-18 18:03:25.505104,0.0,0.0,0.0
2022-01-18 18:03:26.007505,0.0,0.0,0.0
2022-01-18 18:03:26.505457,0.0,0.0,0.0
2022-01-18 18:03:27.006921,0.0,0.0,0.0
2022-01-18 18:03:27.506543,0.0,0.0,0.0
2022-01-18 18:03:28.007294,0.0,0.0,0.0
2022-01-18 18:03:28.510530,0.0,0.0,0.0
2022-01-18 18:03:29.010815,0.0,0.0,0.0
2022-01-18 18:03:29.501379,0.0,0.0,0.0
2022-01-18 18:03:30.005983,0.0,0.0,0.0
2022-01-18 18:03:30.507448,0.0,0.0,0.0
2022-01-18 18:03:31.008518,0.0,0.0,0.0
2022-01-18 18:03:31.508096,0.0,0.0,-0.03864
2022-01-18 18:03:32.009140,0.0,0.0,-0.03864
2022-01-18 18:03:32.510343,0.0,0.0,0.0
2022-01-18 18:03:33.003147,0.0,0.0,0.0
2022-01-18 18:03:33.500986,0.0,0.0,0.0
2022-01-18 18:03:34.010055,0.0,0.0,0.0
2022-01-18 18:03:34.509659,0.0,0.0,0.0
2022-01-18 18:03:35.009054,0.0,0.0,0.0
2022-01-18 18:03:35.510504,0.0,0.0,0.0
2022-01-18 18:03:36.002593,0.0,0.0,0.0
2022-01-18 18:03:36.507527,0.0,0.0,0.0
2022-01-18 18:03:37.001693,0.0,0.0,0.0
2022-01-18 18:03:37.504687,0.0,0.0,0.0
2022-01-18 18:03:38.005853,0.0,0.0,0.0
2022-01-18 18:03:38.506231,0.0,0.0,0.0
2022-01-18 18:03:39.010030,0.0,0.0,0.0
2022-01-18 18:03:39.506161,0.0,0.0,0.0
2022-01-18 18:03:40.009324,0.0,0.0,0.0
2022-01-18 18:03:40.503201,0.0,0.0,0.0
2022-01-18 18:03:41.010735,0.0,0.0,0.0
2022-01-18 18:03:41.504880,0.0,0.0,0.0
2022-01-18 18:03:42.002160,0.0,0.0,0.0
2022-01-18 18:03:42.510427,0.0,0.0,0.0
2022-01-18 18:03:43.005114,0.0,0.0,0.0
2022-01-18 18:03:43.503259,0.0,0.0,0.0
2022-01-18 18:03:44.010762,0.0,0.0,0.0
2022-01-18 18:03:44.505570,0.0,0.0,0.0
2022-01-18 18:03:45.008924,0.0,0.0,0.0
2022-01-18 18:03:45.510288,0.0,0.0,0.0
2022-01-18 18:03:46.002521,0.0,0.0,0.0
2022-01-18 18:03:46.502732,0.0,0.0,0.0
2022-01-18 18:03:47.001287,0.0,0.0,0.0
2022-01-18 18:03:47.504609,0.0,0.0,0.0
2022-01-18 18:03:48.010849,0.0,0.0,0.0
2022-01-18 18:03:48.505152,0.0,0.0,0.0
2022-01-18 18:03:49.004036,0.0,0.0,0.0
2022-01-18 18:03:49.509016,0.0,0.0,0.0
2022-01-18 18:03:50.004274,0.0,0.0,0.0
2022-01-18 18:03:50.507409,0.0,0.0,0.0
2022-01-18 18:03:51.005346,0.0,0.0,0.0
2022-01-18 18:03:51.509370,0.0,0.0,0.0
2022-01-18 18:03:52.004990,0.0,0.0,0.0
2022-01-18 18:03:52.502961,0.0,0.0,0.0
2022-01-18 18:03:53.006627,0.0,0.0,0.0
2022-01-18 18:03:53.508750,0.0,0.0,0.0
2022-01-18 18:03:54.011148,0.0,0.0,0.0
2022-01-18 18:03:54.506760,0.0,0.0,0.0
2022-01-18 18:03:55.003087,0.0,0.0,0.0
2022-01-18 18:03:55.507199,0.0,0.0,0.0
2022-01-18 18:03:56.008928,0.0,0.0,0.0
2022-01-18 18:03:56.502363,0.0,0.0,0.0
2022-01-18 18:03:57.003482,0.0,0.0,0.0
2022-01-18 18:03:57.509905,0.0,0.0,0.0
2022-01-18 18:03:58.008482,0.0,0.0,0.0
2022-01-18 18:03:58.501941,0.0,0.0,0.0
2022-01-18 18:03:59.005197,0.0,0.0,0.0
2022-01-18 18:03:59.505837,0.0,0.0,0.0
2022-01-18 18:04:00.009830,0.0,0.0,0.0
2022-01-18 18:04:00.505636,0.0,0.0,0.0
2022-01-18 18:04:01.007106,0.0,0.0,0.0
2022-01-18 18:04:01.510951,0.0,0.0,0.0
2022-01-18 18:04:02.004884,0.0,0.0,0.0
2022-01-18 18:04:02.509323,0.0,0.0,0.0
2022-01-18 18:04:03.006443,0.0,0.0,0.0
2022-01-18 18:04:03.510649,0.0,0.0,0.0
2022-01-18 18:04:04.010007,0.0,0.0,0.0
2022-01-18 18:04:04.503205,0.0,0.0,0.0
2022-01-18 18:04:05.009975,0.0,0.0,0.0
2022-01-18 18:04:05.507846,0.0,0.0,0.0
2022-01-18 18:04:06.003721,0.0,0.0,0.0
2022-01-18 18:04:06.509068,0.0,0.0,0.0
2022-01-18 18:04:07.002861,0.0,0.0,0.0
2022-01-18 18:04:07.508935,0.0,0.0,0.0
2022-01-18 18:04:08.011202,0.0,0.0,0.0
2022-01-18 18:04:08.506440,0.0,0.0,0.0
2022-01-18 18:04:09.003212,0.0,0.0,0.0
2022-01-18 18:04:09.509102,0.0,0.0,0.0
2022-01-18 18:04:10.003941,0.0,0.0,0.0
2022-01-18 18:04:10.502952,0.0,0.0,0.0
2022-01-18 18:04:11.010008,0.0,0.0,0.0
2022-01-18 18:04:11.503670,0.0,0.0,0.0
2022-01-18 18:04:12.007164,0.0,0.0,0.0
2022-01-18 18:04:12.502913,0.0,0.0,0.0
2022-01-18 18:04:13.009773,0.0,0.0,0.0
2022-01-18 18:04:13.506300,0.0,0.0,0.0
2022-01-18 18:04:14.007728,0.0,0.0,0.0
2022-01-18 18:04:14.502184,0.0,0.0,0.0
2022-01-18 18:04:15.005825,0.0,0.0,0.0
2022-01-18 18:04:15.500820,0.0,0.0,0.0
2022-01-18 18:04:16.001447,0.0,0.0,0.0
2022-01-18 18:04:16.507996,0.0,0.0,0.0
2022-01-18 18:04:17.001047,0.0,0.0,0.0
2022-01-18 18:04:17.507590,0.0,0.0,0.0
2022-01-18 18:04:18.003285,0.0,0.0,0.0
2022-01-18 18:04:18.506476,0.0,0.0,0.0
2022-01-18 18:04:19.003752,0.0,0.0,0.0
2022-01-18 18:04:19.508204,0.0,0.0,0.0
2022-01-18 18:04:20.002642,0.0,0.0,0.0
2022-01-18 18:04:20.502086,0.0,0.0,0.0
2022-01-18 18:04:21.010724,0.0,0.0,0.0
2022-01-18 18:04:21.506192,0.0,0.0,0.0
2022-01-18 18:04:22.002110,0.0,0.0,0.0
2022-01-18 18:04:22.500765,0.0,0.0,0.0
2022-01-18 18:04:23.002344,0.0,0.0,0.0
2022-01-18 18:04:23.500543,0.0,0.0,0.0
2022-01-18 18:04:24.000957,0.0,0.0,0.0
2022-01-18 18:04:24.501702,0.0,0.0,0.0
2022-01-18 18:04:25.007048,0.0,0.0,0.0
2022-01-18 18:04:25.502753,0.0,0.0,0.0
2022-01-18 18:04:26.010023,0.0,0.0,0.0
2022-01-18 18:04:26.507192,0.0,0.0,0.0
2022-01-18 18:04:27.000902,0.0,0.0,0.0
2022-01-18 18:04:27.503020,0.0,0.0,0.0
2022-01-18 18:04:28.003094,0.0,0.0,0.0
2022-01-18 18:04:28.509332,0.0,0.0,0.0
2022-01-18 18:04:29.001724,0.0,0.0,0.0
2022-01-18 18:04:29.507177,0.0,0.0,0.0
2022-01-18 18:04:30.006759,0.0,0.0,0.0
2022-01-18 18:04:30.503059,0.0,0.0,0.0
2022-01-18 18:04:31.001633,0.0,0.0,0.0
2022-01-18 18:04:31.505373,0.0,0.0,0.0
2022-01-18 18:04:32.001849,0.0,0.0,0.0
2022-01-18 18:04:32.503778,0.0,0.0,0.0
2022-01-18 18:04:33.007577,0.0,0.0,0.0
2022-01-18 18:04:33.509005,0.0,0.0,0.0
2022-01-18 18:04:34.010802,0.0,0.0,0.0
2022-01-18 18:04:34.506039,0.0,0.0,0.0
2022-01-18 18:04:35.004452,0.0,0.0,0.0
2022-01-18 18:04:35.501230,0.0,0.0,0.0
2022-01-18 18:04:36.008084,0.0,0.0,0.0
2022-01-18 18:04:36.503383,0.0,0.0,0.0
2022-01-18 18:04:37.008358,0.0,0.0,0.0
2022-01-18 18:04:37.507187,0.0,0.0,0.0
2022-01-18 18:04:38.006745,0.0,0.0,0.0
2022-01-18 18:04:38.501119,0.0,0.0,0.0
2022-01-18 18:04:39.010115,0.0,0.0,0.0
2022-01-18 18:04:39.507872,0.0,0.0,0.0
2022-01-18 18:04:40.000888,0.0,0.0,0.0
2022-01-18 18:04:40.502708,0.0,0.0,0.0
2022-01-18 18:04:41.004637,0.0,0.0,0.0
2022-01-18 18:04:41.503825,0.0,0.0,0.0
2022-01-18 18:04:42.002233,0.0,0.0,0.0
2022-01-18 18:04:42.506580,0.0,0.0,0.0
2022-01-18 18:04:43.005449,0.0,0.0,0.0
2022-01-18 18:04:43.508713,0.0,0.0,0.0
2022-01-18 18:04:44.004305,0.0,0.0,0.0
2022-01-18 18:04:44.509544,0.0,0.0,0.0
2022-01-18 18:04:45.002479,0.0,0.0,0.0
2022-01-18 18:04:45.502053,0.0,0.0,0.0
2022-01-18 18:04:46.002335,0.0,0.0,0.0
2022-01-18 18:04:46.505068,0.0,0.0,0.0
2022-01-18 18:04:47.007177,0.0,0.0,0.0
2022-01-18 18:04:47.506684,0.0,0.0,0.0
2022-01-18 18:04:48.008505,0.0,0.0,0.0
2022-01-18 18:04:48.505394,0.0,0.0,0.0
2022-01-18 18:04:49.004894,0.0,0.0,0.0
2022-01-18 18:04:49.500838,0.0,0.0,0.0
2022-01-18 18:04:50.002510,0.0,0.0,0.0
2022-01-18 18:04:50.506722,0.0,0.0,0.0
2022-01-18 18:04:51.009057,0.0,0.0,0.0
2022-01-18 18:04:51.510285,0.0,0.0,0.0
2022-01-18 18:04:52.004579,0.0,0.0,0.0
2022-01-18 18:04:52.506942,0.0,0.0,0.0
2022-01-18 18:04:53.000790,0.0,0.0,0.0
2022-01-18 18:04:53.503602,0.0,0.0,0.0
2022-01-18 18:04:54.008558,0.0,0.0,0.0
2022-01-18 18:04:54.502594,0.0,0.0,0.0
2022-01-18 18:04:55.003293,0.0,0.0,0.0
2022-01-18 18:04:55.506478,0.0,0.0,0.0
2022-01-18 18:04:56.007659,0.0,0.0,0.0
2022-01-18 18:04:56.501867,0.0,0.0,0.0
2022-01-18 18:04:57.005062,0.0,0.0,0.0
2022-01-18 18:04:57.501895,0.0,0.0,0.0
2022-01-18 18:04:58.001442,0.0,0.0,0.0
2022-01-18 18:04:58.500909,0.0,0.0,0.0
2022-01-18 18:04:59.007474,0.0,0.0,0.0
2022-01-18 18:04:59.502284,0.0,0.0,0.0
2022-01-18 18:05:00.008293,0.0,0.0,0.0
2022-01-18 18:05:00.506912,0.0,0.0,0.0
2022-01-18 18:05:01.008824,0.0,0.0,0.0
2022-01-18 18:05:01.502909,0.0,0.0,0.0
2022-01-18 18:05:02.006980,0.0,0.0,0.0
2022-01-18 18:05:02.507074,0.0,0.0,0.0
2022-01-18 18:05:03.010362,0.0,0.0,0.0
2022-01-18 18:05:03.505170,0.0,0.0,0.0
2022-01-18 18:05:04.008298,0.0,0.0,0.0
2022-01-18 18:05:04.510852,0.0,0.0,0.0
2022-01-18 18:05:05.001925,0.0,0.0,0.0
2022-01-18 18:05:05.510542,0.0,0.0,0.0
2022-01-18 18:05:06.002362,0.0,0.0,0.0
2022-01-18 18:05:06.505412,0.0,0.0,0.0
2022-01-18 18:05:07.009496,0.0,0.0,0.0
2022-01-18 18:05:07.503460,0.0,0.0,0.0
2022-01-18 18:05:08.008692,0.0,0.0,0.0
2022-01-18 18:05:08.503502,0.0,0.0,0.0
2022-01-18 18:05:09.508204,0.0,0.0,0.0
2022-01-18 18:05:10.005260,0.0,0.0,0.0
2022-01-18 18:05:10.510001,0.0,0.0,0.0
2022-01-18 18:05:11.004452,0.0,0.0,0.0
2022-01-18 18:05:11.504184,0.0,0.0,0.0
2022-01-18 18:05:12.002325,0.0,0.0,0.0
2022-01-18 18:05:12.508324,0.0,0.0,0.0
2022-01-18 18:05:13.008351,0.0,0.0,0.0
2022-01-18 18:05:13.507491,0.0,0.0,0.0
2022-01-18 18:05:14.003223,0.0,0.0,0.0
2022-01-18 18:05:14.509654,0.0,0.0,0.0
2022-01-18 18:05:15.005540,0.0,0.0,0.0
2022-01-18 18:05:15.505805,0.0,0.0,0.0
2022-01-18 18:05:16.006589,0.0,0.0,0.0
2022-01-18 18:05:16.508766,0.0,0.0,0.0
2022-01-18 18:05:17.008533,0.0,0.0,0.0
2022-01-18 18:05:17.508800,0.0,0.0,0.0
2022-01-18 18:05:18.008844,0.0,0.0,0.0
2022-01-18 18:05:18.509888,0.0,0.0,0.0
2022-01-18 18:05:19.002039,0.0,0.0,0.0
2022-01-18 18:05:19.508220,0.0,0.0,0.0
2022-01-18 18:05:20.005409,0.0,0.0,0.0
2022-01-18 18:05:20.509315,0.0,0.0,0.0
2022-01-18 18:05:21.001845,0.0,0.0,0.0
2022-01-18 18:05:21.502117,0.0,0.0,0.0
2022-01-18 18:05:22.001844,0.0,0.0,0.0
2022-01-18 18:05:22.503301,0.0,0.0,0.0
2022-01-18 18:05:23.003201,0.0,0.0,0.0
2022-01-18 18:05:23.506659,0.0,0.0,0.0
2022-01-18 18:05:24.002924,0.0,0.0,0.0
2022-01-18 18:05:24.506932,0.0,0.0,0.0
2022-01-18 18:05:25.009625,0.0,0.0,0.0
2022-01-18 18:05:25.501979,0.0,0.0,0.0
2022-01-18 18:05:26.003897,0.0,0.0,0.0
2022-01-18 18:05:26.508184,0.0,0.0,0.0
2022-01-18 18:05:27.005394,0.0,0.0,0.0
2022-01-18 18:05:27.502401,0.0,0.0,0.0
2022-01-18 18:05:28.008324,0.0,0.0,0.0
2022-01-18 18:05:28.501680,0.0,0.0,0.0
2022-01-18 18:05:29.007918,0.0,0.0,0.0
2022-01-18 18:05:29.509473,0.0,0.0,0.0
2022-01-18 18:05:30.001837,0.0,0.0,0.0
2022-01-18 18:05:30.510398,0.0,0.0,0.0
2022-01-18 18:05:31.002662,0.0,0.0,0.0
2022-01-18 18:05:31.503341,0.0,0.0,0.0
2022-01-18 18:05:32.011116,0.0,0.0,0.0
2022-01-18 18:05:32.501629,0.0,0.0,0.0
2022-01-18 18:05:33.510698,0.0,0.0,0.0
2022-01-18 18:05:34.506994,0.0,0.0,0.0
2022-01-18 18:05:35.001513,0.0,0.0,0.0
2022-01-18 18:05:35.508095,0.0,0.0,0.0
2022-01-18 18:05:36.002547,0.0,0.0,0.0
2022-01-18 18:05:36.509248,0.0,0.0,0.0
2022-01-18 18:05:37.006161,0.0,0.0,0.0
2022-01-18 18:05:37.505324,0.0,0.0,0.0
2022-01-18 18:05:38.001746,0.0,0.0,0.0
2022-01-18 18:05:38.504218,0.0,0.0,0.0
2022-01-18 18:05:39.002768,0.0,0.0,0.0
2022-01-18 18:05:39.506860,0.0,0.0,0.0
2022-01-18 18:05:40.010589,0.0,0.0,0.0
2022-01-18 18:05:40.508538,0.0,0.0,0.0
2022-01-18 18:05:41.009823,0.0,0.0,0.0
2022-01-18 18:05:41.509277,0.0,0.0,0.0
2022-01-18 18:05:42.004423,0.0,0.0,0.0
2022-01-18 18:05:42.510431,0.0,0.0,0.0
2022-01-18 18:05:43.005371,0.0,0.0,0.0
2022-01-18 18:05:43.504586,0.0,0.0,0.0
2022-01-18 18:05:44.003654,0.0,0.0,0.0
2022-01-18 18:05:44.510227,0.0,0.0,0.0
2022-01-18 18:05:45.001849,0.0,0.0,0.0
2022-01-18 18:05:45.502389,0.0,0.0,0.0
2022-01-18 18:05:46.005127,0.0,0.0,0.0
2022-01-18 18:05:46.506042,0.0,0.0,0.0
2022-01-18 18:05:47.001718,0.0,0.0,0.0
2022-01-18 18:05:47.502355,0.0,0.0,0.0
2022-01-18 18:05:48.007607,0.0,0.0,0.0
2022-01-18 18:05:48.506839,0.0,0.0,0.0
2022-01-18 18:05:49.007307,0.0,0.0,0.0
2022-01-18 18:05:49.503611,0.0,0.0,0.0
2022-01-18 18:05:50.008864,0.0,0.0,0.0
2022-01-18 18:05:50.510136,0.0,0.0,0.0
2022-01-18 18:05:51.003960,0.0,0.0,0.0
2022-01-18 18:05:51.505849,0.0,0.0,0.0
2022-01-18 18:05:53.003442,0.0,0.0,0.0
2022-01-18 18:05:53.508267,0.0,0.0,0.0
2022-01-18 18:05:54.001644,0.0,0.0,0.0
2022-01-18 18:05:54.506948,0.0,0.0,0.0
2022-01-18 18:05:55.004400,0.0,0.0,0.0
2022-01-18 18:05:55.506647,0.0,0.0,0.0
2022-01-18 18:05:56.003245,0.0,0.0,0.0
2022-01-18 18:05:56.508317,0.0,0.0,0.0
2022-01-18 18:05:57.004714,0.0,0.0,0.0
2022-01-18 18:05:57.507644,0.0,0.0,0.0
2022-01-18 18:05:58.003646,0.0,0.0,0.0
2022-01-18 18:05:58.508626,0.0,0.0,0.0
2022-01-18 18:05:59.006115,0.0,0.0,0.0
2022-01-18 18:05:59.501302,0.0,0.0,0.0
2022-01-18 18:06:00.006435,0.0,0.0,0.0
2022-01-18 18:06:00.501251,0.0,0.0,0.0
2022-01-18 18:06:01.005326,0.0,0.0,0.0
2022-01-18 18:06:01.510482,0.0,0.0,0.0
2022-01-18 18:06:02.006455,0.0,0.0,0.0
2022-01-18 18:06:02.510872,0.0,0.0,0.0
2022-01-18 18:06:03.007882,0.0,0.0,0.0
2022-01-18 18:06:03.503244,0.0,0.0,0.0
2022-01-18 18:06:04.008102,0.0,0.0,0.0
2022-01-18 18:06:04.504591,0.0,0.0,0.0
2022-01-18 18:06:05.010902,0.0,0.0,0.0
2022-01-18 18:06:05.504810,0.0,0.0,0.0
2022-01-18 18:06:06.010830,0.0,0.0,0.0
2022-01-18 18:06:06.506802,0.0,0.0,0.0
2022-01-18 18:06:07.002128,0.0,0.0,0.0
2022-01-18 18:06:07.507612,0.0,0.0,0.0
2022-01-18 18:06:08.003647,0.0,0.0,0.0
2022-01-18 18:06:08.508914,0.0,0.0,0.0
2022-01-18 18:06:09.005788,0.0,0.0,0.0
2022-01-18 18:06:09.505538,0.0,0.0,0.0
2022-01-18 18:06:10.011242,0.0,0.0,0.0
2022-01-18 18:06:10.504373,0.0,0.0,0.0
2022-01-18 18:06:11.001540,0.0,0.0,0.0
2022-01-18 18:06:11.503401,0.0,0.0,0.0
2022-01-18 18:06:12.011012,0.0,0.0,0.0
2022-01-18 18:06:12.503440,0.0,0.0,0.0
2022-01-18 18:06:13.009235,0.0,0.0,0.0
2022-01-18 18:06:13.504191,0.0,0.0,0.0
2022-01-18 18:06:14.001729,0.0,0.0,0.0
2022-01-18 18:06:14.502479,0.0,0.0,0.0
2022-01-18 18:06:15.010256,0.0,0.0,0.0
2022-01-18 18:06:15.503893,0.0,0.0,0.0
2022-01-18 18:06:16.010499,0.0,0.0,0.0
2022-01-18 18:06:16.502147,0.0,0.0,0.0
2022-01-18 18:06:17.003998,0.0,0.0,0.0
2022-01-18 18:06:17.508708,0.0,0.0,0.0
2022-01-18 18:06:18.005388,0.0,0.0,0.0
2022-01-18 18:06:18.507787,0.0,0.0,0.0
2022-01-18 18:06:19.005230,0.0,0.0,0.0
2022-01-18 18:06:19.507909,0.0,0.0,0.0
2022-01-18 18:06:20.002493,0.0,0.0,0.0
2022-01-18 18:06:20.507307,0.0,0.0,0.0
2022-01-18 18:06:21.004429,0.0,0.0,0.0
2022-01-18 18:06:21.506813,0.0,0.0,0.0
2022-01-18 18:06:22.002563,0.0,0.0,0.0
2022-01-18 18:06:22.506673,0.0,0.0,0.0
2022-01-18 18:06:23.004264,0.0,0.0,0.0
2022-01-18 18:06:23.511065,0.0,0.0,0.0
2022-01-18 18:06:24.007505,0.0,0.0,0.0
2022-01-18 18:06:24.509398,0.0,0.0,0.0
2022-01-18 18:06:25.005714,0.0,0.0,0.0
2022-01-18 18:06:25.507410,0.0,0.0,0.0
2022-01-18 18:06:26.002229,0.0,0.0,0.0
2022-01-18 18:06:26.506111,0.0,0.0,0.0
2022-01-18 18:06:27.002921,0.0,0.0,0.0
2022-01-18 18:06:27.506109,0.0,0.0,0.0
2022-01-18 18:06:28.003312,0.0,0.0,0.0
2022-01-18 18:06:28.503815,0.0,0.0,0.0
2022-01-18 18:06:29.009415,0.0,0.0,0.0
2022-01-18 18:06:29.511141,0.0,0.0,0.0
2022-01-18 18:06:30.006531,0.0,0.0,0.0
2022-01-18 18:06:30.508367,0.0,0.0,0.0
2022-01-18 18:06:31.005004,0.0,0.0,0.0
2022-01-18 18:06:31.507600,0.0,0.0,0.0
2022-01-18 18:06:32.006337,0.0,0.0,0.0
2022-01-18 18:06:32.505266,0.0,0.0,0.0
2022-01-18 18:06:33.009323,0.0,0.0,0.0
2022-01-18 18:06:33.502621,0.0,0.0,0.0
2022-01-18 18:06:34.008060,0.0,0.0,0.0
2022-01-18 18:06:34.510446,0.0,0.0,0.0
2022-01-18 18:06:35.004260,0.0,0.0,0.0
2022-01-18 18:06:35.504372,0.0,0.0,0.0
2022-01-18 18:06:36.009674,0.0,0.0,0.0
2022-01-18 18:06:36.510874,0.0,0.0,0.0
2022-01-18 18:06:37.003646,0.0,0.0,0.0
2022-01-18 18:06:37.511163,0.0,0.0,0.0
2022-01-18 18:06:38.005845,0.0,0.0,0.0
2022-01-18 18:06:38.506413,0.0,0.0,0.0
2022-01-18 18:06:39.005278,0.0,0.0,0.0
2022-01-18 18:06:39.508717,0.0,0.0,0.0
2022-01-18 18:06:40.002721,0.0,0.0,0.0
2022-01-18 18:06:40.510962,0.0,0.0,0.0
2022-01-18 18:06:41.006201,0.0,0.0,0.0
2022-01-18 18:06:41.502343,0.0,0.0,-0.03864
2022-01-18 18:06:42.004672,0.0,0.0,-0.03864
2022-01-18 18:06:42.504984,0.0,0.0,-0.03864
2022-01-18 18:06:43.001160,0.0,0.0,-0.03864
2022-01-18 18:06:43.508631,0.0,0.0,-0.03864
2022-01-18 18:06:44.004482,0.0,0.0,-0.03864
2022-01-18 18:06:44.507239,0.0,0.0,-0.03864
2022-01-18 18:06:45.001346,0.0,0.0,-0.03864
2022-01-18 18:06:45.505954,0.0,0.0,-0.03864
2022-01-18 18:06:46.003032,0.0,0.0,-0.03864
2022-01-18 18:06:46.509020,0.0,0.0,-0.03864
2022-01-18 18:06:47.003480,0.0,0.0,-0.03864
2022-01-18 18:06:47.503568,0.0,0.0,-0.03864
2022-01-18 18:06:48.004079,0.0,0.0,-0.03864
2022-01-18 18:06:48.506558,0.0,0.0,-0.03864
2022-01-18 18:06:49.001838,0.0,0.0,-0.03864
2022-01-18 18:06:49.507278,0.0,0.0,-0.03864
2022-01-18 18:06:50.002088,0.0,0.0,-0.03864
2022-01-18 18:06:50.507124,0.0,0.0,-0.03864
2022-01-18 18:06:51.003592,0.0,0.0,-0.03864
2022-01-18 18:06:51.507577,0.0,0.0,-0.03864
2022-01-18 18:06:52.003840,0.0,0.0,-0.03864
2022-01-18 18:06:52.508264,0.0,0.0,0.0
2022-01-18 18:06:53.002204,0.0,0.0,0.0
2022-01-18 18:06:53.507467,0.0,0.0,0.0
2022-01-18 18:06:54.002530,0.0,0.0,0.0
2022-01-18 18:06:54.506953,0.0,0.0,0.0
2022-01-18 18:06:55.002405,0.0,0.0,0.0
2022-01-18 18:06:55.508901,0.0,0.0,0.0
2022-01-18 18:06:56.004645,0.0,0.0,0.0
2022-01-18 18:06:56.504497,0.0,0.0,0.0
2022-01-18 18:06:57.001652,0.0,0.0,0.0
2022-01-18 18:06:57.509193,0.0,0.0,0.0
2022-01-18 18:06:58.007935,0.0,0.0,0.0
2022-01-18 18:06:58.509982,0.0,0.0,0.0
2022-01-18 18:06:59.001051,0.0,0.0,0.0
2022-01-18 18:06:59.508172,0.0,0.0,0.0
2022-01-18 18:07:00.002868,0.0,0.0,0.0
2022-01-18 18:07:00.505846,0.0,0.0,0.0
2022-01-18 18:07:01.010613,0.0,0.0,0.0
2022-01-18 18:07:01.502605,0.0,0.0,0.0
2022-01-18 18:07:02.004140,0.0,0.0,0.0
2022-01-18 18:07:02.510356,0.0,0.0,0.0
2022-01-18 18:07:03.000904,0.0,0.0,0.0
2022-01-18 18:07:03.501546,0.0,0.0,0.0
2022-01-18 18:07:04.007793,0.0,0.0,0.0
2022-01-18 18:07:04.509109,0.0,0.0,0.0
2022-01-18 18:07:05.001426,0.0,0.0,0.0
2022-01-18 18:07:05.501996,0.0,0.0,0.0
2022-01-18 18:07:06.000760,0.0,0.0,0.0
2022-01-18 18:07:06.508117,0.0,0.0,0.0
2022-01-18 18:07:07.004945,0.0,0.0,0.0
2022-01-18 18:07:07.504510,0.0,0.0,0.0
2022-01-18 18:07:08.003824,0.0,0.0,0.0
2022-01-18 18:07:08.510384,0.0,0.0,0.0
2022-01-18 18:07:09.001952,0.0,0.0,0.0
2022-01-18 18:07:09.502414,0.0,0.0,0.0
2022-01-18 18:07:10.006793,0.0,0.0,0.0
2022-01-18 18:07:10.501160,0.0,0.0,0.0
2022-01-18 18:07:11.006617,0.0,0.0,0.0
2022-01-18 18:07:11.508586,0.0,0.0,0.0
2022-01-18 18:07:12.005942,0.0,0.0,0.0
2022-01-18 18:07:12.509620,0.0,0.0,0.0
2022-01-18 18:07:13.006426,0.0,0.0,0.0
2022-01-18 18:07:13.509566,0.0,0.0,0.0
2022-01-18 18:07:14.005621,0.0,0.0,0.0
2022-01-18 18:07:14.510727,0.0,0.0,0.03864
2022-01-18 18:07:15.006351,0.0,0.0,0.03864
2022-01-18 18:07:15.507555,0.0,0.0,0.0
2022-01-18 18:07:16.005339,0.0,0.0,0.0
2022-01-18 18:07:16.508230,0.0,0.0,0.0
2022-01-18 18:07:17.005731,0.0,0.0,0.0
2022-01-18 18:07:17.508598,0.0,0.0,0.0
2022-01-18 18:07:18.001797,0.0,0.0,0.0
2022-01-18 18:07:18.506821,0.0,0.0,0.0
2022-01-18 18:07:19.003288,0.0,0.0,0.0
2022-01-18 18:07:19.506543,0.0,0.0,0.0
2022-01-18 18:07:20.007460,0.0,0.0,0.0
2022-01-18 18:07:20.502567,0.0,0.0,0.0
2022-01-18 18:07:21.009365,0.0,0.0,0.0
2022-01-18 18:07:21.502514,0.0,0.0,0.0
2022-01-18 18:07:22.009788,0.0,0.0,0.0
2022-01-18 18:07:22.503735,0.0,0.0,0.0
2022-01-18 18:07:23.010615,0.0,0.0,0.0
2022-01-18 18:07:23.508486,0.0,0.0,0.0
2022-01-18 18:07:24.002731,0.0,0.0,0.0
2022-01-18 18:07:24.509430,0.0,0.0,0.0
2022-01-18 18:07:25.005981,0.0,0.0,0.0
2022-01-18 18:07:25.511111,0.0,0.0,0.0
2022-01-18 18:07:26.001132,0.0,0.0,0.0
2022-01-18 18:07:26.509933,0.0,0.0,0.0
2022-01-18 18:07:27.005418,0.0,0.0,0.0
2022-01-18 18:07:27.507634,0.0,0.0,0.0
2022-01-18 18:07:28.003606,0.0,0.0,0.0
2022-01-18 18:07:28.507055,0.0,0.0,0.0
2022-01-18 18:07:29.004196,0.0,0.0,0.0
2022-01-18 18:07:29.505882,0.0,0.0,0.0
2022-01-18 18:07:30.001945,0.0,0.0,0.0
2022-01-18 18:07:30.505641,0.0,0.0,0.0
2022-01-18 18:07:31.010051,0.0,0.0,0.0
2022-01-18 18:07:31.503137,0.0,0.0,0.0
2022-01-18 18:07:32.009848,0.0,0.0,0.0
2022-01-18 18:07:32.504698,0.0,0.0,0.0
2022-01-18 18:07:33.009775,0.0,0.0,0.0
2022-01-18 18:07:33.504815,0.0,0.0,0.0
2022-01-18 18:07:34.001389,0.0,0.0,0.0
2022-01-18 18:07:34.505330,0.0,0.0,0.0
2022-01-18 18:07:35.002634,0.0,0.0,0.0
2022-01-18 18:07:35.506455,0.0,0.0,0.0
2022-01-18 18:07:36.007535,0.0,0.0,0.0
2022-01-18 18:07:36.509435,0.0,0.0,0.0
2022-01-18 18:07:37.008151,0.0,0.0,0.0
2022-01-18 18:07:37.501915,0.0,0.0,0.0
2022-01-18 18:07:38.010994,0.0,0.0,0.0
2022-01-18 18:07:38.501162,0.0,0.0,0.0
2022-01-18 18:07:39.010313,0.0,0.0,0.0
2022-01-18 18:07:39.503769,0.0,0.0,0.0
2022-01-18 18:07:40.010869,0.0,0.0,0.0
2022-01-18 18:07:40.505453,0.0,0.0,0.0
2022-01-18 18:07:41.002652,0.0,0.0,0.0
2022-01-18 18:07:41.506127,0.0,0.0,0.0
2022-01-18 18:07:42.003545,0.0,0.0,0.0
2022-01-18 18:07:42.510026,0.0,0.0,0.0
2022-01-18 18:07:43.005035,0.0,0.0,0.0
2022-01-18 18:07:43.508788,0.0,0.0,0.0
2022-01-18 18:07:44.005065,0.0,0.0,0.0
2022-01-18 18:07:44.506456,0.0,0.0,0.0
2022-01-18 18:07:45.002702,0.0,0.0,0.0
2022-01-18 18:07:45.506259,0.0,0.0,0.0
2022-01-18 18:07:46.001843,0.0,0.0,0.0
2022-01-18 18:07:46.505704,0.0,0.0,0.0
2022-01-18 18:07:47.011050,0.0,0.0,0.0
2022-01-18 18:07:47.505902,0.0,0.0,0.0
2022-01-18 18:07:48.010874,0.0,0.0,0.0
2022-01-18 18:07:48.505554,0.0,0.0,0.0
2022-01-18 18:07:49.003564,0.0,0.0,0.0
2022-01-18 18:07:49.508393,0.0,0.0,0.0
2022-01-18 18:07:50.005083,0.0,0.0,0.0
2022-01-18 18:07:50.511316,0.0,0.0,0.0
2022-01-18 18:07:51.008461,0.0,0.0,0.0
2022-01-18 18:07:51.510752,0.0,0.0,0.0
2022-01-18 18:07:52.008096,0.0,0.0,0.0
2022-01-18 18:07:52.501171,0.0,0.0,0.0
2022-01-18 18:07:53.006342,0.0,0.0,0.0
2022-01-18 18:07:53.510340,0.0,0.0,0.0
2022-01-18 18:07:54.005213,0.0,0.0,0.0
2022-01-18 18:07:54.501850,0.0,0.0,0.0
2022-01-18 18:07:55.007696,0.0,0.0,0.0
2022-01-18 18:07:55.502238,0.0,0.0,0.0
2022-01-18 18:07:56.008483,0.0,0.0,0.0
2022-01-18 18:07:56.511951,0.0,0.0,0.0
2022-01-18 18:07:57.006369,0.0,0.0,0.0
2022-01-18 18:07:57.509870,0.0,0.0,0.0
2022-01-18 18:07:58.006795,0.0,0.0,0.0
2022-01-18 18:07:58.503501,0.0,0.0,0.0
2022-01-18 18:07:59.011491,0.0,0.0,0.0
2022-01-18 18:07:59.505086,0.0,0.0,0.0
2022-01-18 18:08:00.010710,0.0,0.0,0.0
2022-01-18 18:08:00.504193,0.0,0.0,0.0
2022-01-18 18:08:01.010922,0.0,0.0,0.0
2022-01-18 18:08:01.503984,0.0,0.0,0.0
2022-01-18 18:08:02.010711,0.0,0.0,0.0
2022-01-18 18:08:02.503956,0.0,0.0,0.0
2022-01-18 18:08:03.011281,0.0,0.0,0.0
2022-01-18 18:08:03.507005,0.0,0.0,0.0
2022-01-18 18:08:04.005252,0.0,0.0,0.0
2022-01-18 18:08:04.510723,0.0,0.0,0.0
2022-01-18 18:08:05.007358,0.0,0.0,0.0
2022-01-18 18:08:05.502903,0.0,0.0,0.0
2022-01-18 18:08:06.010935,0.0,0.0,0.0
2022-01-18 18:08:06.503803,0.0,0.0,0.0
2022-01-18 18:08:07.003238,0.0,0.0,0.0
2022-01-18 18:08:07.507708,0.0,0.0,0.0
2022-01-18 18:08:08.005912,0.0,0.0,0.0
2022-01-18 18:08:08.508998,0.0,0.0,0.03864
2022-01-18 18:08:09.004486,0.0,0.0,0.03864
2022-01-18 18:08:09.505011,0.0,0.0,0.0
2022-01-18 18:08:10.002353,0.0,0.0,0.0
2022-01-18 18:08:10.506561,0.0,0.0,0.0
2022-01-18 18:08:11.005758,0.0,0.0,0.0
2022-01-18 18:08:11.502019,0.0,0.0,0.0
2022-01-18 18:08:12.007138,0.0,0.0,0.0
2022-01-18 18:08:12.509490,0.0,0.0,0.0
2022-01-18 18:08:13.004018,0.0,0.0,0.0
2022-01-18 18:08:13.504744,0.0,0.0,0.0
2022-01-18 18:08:14.007963,0.0,0.0,0.0
2022-01-18 18:08:14.509704,0.0,0.0,0.0
2022-01-18 18:08:15.003592,0.0,0.0,0.0
2022-01-18 18:08:15.505134,0.0,0.0,0.0
2022-01-18 18:08:16.013434,0.0,0.0,0.0
2022-01-18 18:08:16.502921,0.0,0.0,0.0
2022-01-18 18:08:17.005766,0.0,0.0,0.0
2022-01-18 18:08:17.504276,0.0,0.0,0.0
2022-01-18 18:08:18.006111,0.0,0.0,0.0
2022-01-18 18:08:18.507402,0.0,0.0,0.0
2022-01-18 18:08:19.005862,0.0,0.0,0.0
2022-01-18 18:08:19.503464,0.0,0.0,0.0
2022-01-18 18:08:20.006222,0.0,0.0,0.0
2022-01-18 18:08:20.508302,0.0,0.0,-0.03864
2022-01-18 18:08:21.004092,0.0,0.0,-0.03864
2022-01-18 18:08:21.505682,0.0,0.0,0.0
2022-01-18 18:08:22.002747,0.0,0.0,0.0
2022-01-18 18:08:22.508352,0.0,0.0,0.0
2022-01-18 18:08:23.008783,0.0,0.0,0.0
2022-01-18 18:08:23.502328,0.0,0.0,0.0
2022-01-18 18:08:24.006224,0.0,0.0,0.0
2022-01-18 18:08:24.506317,0.0,0.0,0.0
2022-01-18 18:08:25.004813,0.0,0.0,0.0
2022-01-18 18:08:25.508841,0.0,0.0,0.03864
2022-01-18 18:08:26.007138,0.0,0.0,0.03864
2022-01-18 18:08:26.503150,0.0,0.0,0.0
2022-01-18 18:08:27.001544,0.0,0.0,0.0
2022-01-18 18:08:27.505703,0.0,0.0,0.0
2022-01-18 18:08:28.004055,0.0,0.0,0.0
2022-01-18 18:08:28.509477,0.0,0.0,0.0
2022-01-18 18:08:29.006778,0.0,0.0,0.0
2022-01-18 18:08:29.511924,0.0,0.0,0.0
2022-01-18 18:08:30.005933,0.0,0.0,0.0
2022-01-18 18:08:30.510047,0.0,0.0,0.0
2022-01-18 18:08:31.001557,0.0,0.0,0.0
2022-01-18 18:08:31.509749,0.0,0.0,0.0
2022-01-18 18:08:32.003545,0.0,0.0,0.0
2022-01-18 18:08:32.507486,0.0,0.0,0.0
2022-01-18 18:08:33.003910,0.0,0.0,0.0
2022-01-18 18:08:33.507216,0.0,0.0,0.0
2022-01-18 18:08:34.004093,0.0,0.0,0.0
2022-01-18 18:08:34.503968,0.0,0.0,0.0
2022-01-18 18:08:35.008745,0.0,0.0,0.0
2022-01-18 18:08:35.509210,0.0,0.0,0.0
2022-01-18 18:08:36.008053,0.0,0.0,0.0
2022-01-18 18:08:36.502821,0.0,0.0,0.0
2022-01-18 18:08:37.010828,0.0,0.0,0.0
2022-01-18 18:08:37.505322,0.0,0.0,0.0
2022-01-18 18:08:38.001509,0.0,0.0,0.0
2022-01-18 18:08:38.504153,0.0,0.0,0.0
2022-01-18 18:08:39.003107,0.0,0.0,0.0
2022-01-18 18:08:39.508023,0.0,0.0,0.0
2022-01-18 18:08:40.005077,0.0,0.0,0.0
2022-01-18 18:08:40.506321,0.0,0.0,0.0
2022-01-18 18:08:41.010740,0.0,0.0,0.0
2022-01-18 18:08:41.503447,0.0,0.0,0.0
2022-01-18 18:08:42.008308,0.0,0.0,0.0
2022-01-18 18:08:42.503207,0.0,0.0,0.0
2022-01-18 18:08:43.007536,0.0,0.0,0.0
2022-01-18 18:08:43.508633,0.0,0.0,0.0
2022-01-18 18:08:44.005544,0.0,0.0,0.0
2022-01-18 18:08:44.505034,0.0,0.0,0.0
2022-01-18 18:08:45.002999,0.0,0.0,0.0
2022-01-18 18:08:45.506089,0.0,0.0,0.0
2022-01-18 18:08:46.008494,0.0,0.0,0.0
2022-01-18 18:08:46.506409,0.0,0.0,0.0
2022-01-18 18:08:47.002312,0.0,0.0,0.0
2022-01-18 18:08:47.504503,0.0,0.0,0.0
2022-01-18 18:08:48.011109,0.0,0.0,0.0
2022-01-18 18:08:48.508067,0.0,0.0,0.0
2022-01-18 18:08:49.002125,0.0,0.0,0.0
2022-01-18 18:08:49.504586,0.0,0.0,0.0
2022-01-18 18:08:50.009622,0.0,0.0,0.0
2022-01-18 18:08:50.501116,0.0,0.0,0.0
2022-01-18 18:08:51.008469,0.0,0.0,0.0
2022-01-18 18:08:51.509391,0.0,0.0,0.0
2022-01-18 18:08:52.002072,0.0,0.0,0.0
2022-01-18 18:08:52.504169,0.0,0.0,0.0
2022-01-18 18:08:53.006377,0.0,0.0,0.0
2022-01-18 18:08:53.504227,0.0,0.0,0.0
2022-01-18 18:08:54.002427,0.0,0.0,0.0
2022-01-18 18:08:54.510099,0.0,0.0,0.0
2022-01-18 18:08:55.004975,0.0,0.0,0.0
2022-01-18 18:08:55.509900,0.0,0.0,0.0
2022-01-18 18:08:56.007593,0.0,0.0,0.0
2022-01-18 18:08:56.502244,0.0,0.0,0.0
2022-01-18 18:08:57.010504,0.0,0.0,0.0
2022-01-18 18:08:57.505171,0.0,0.0,0.0
2022-01-18 18:08:58.003310,0.0,0.0,0.0
2022-01-18 18:08:58.508503,0.0,0.0,0.0
2022-01-18 18:08:59.006749,0.0,0.0,0.0
2022-01-18 18:08:59.508803,0.0,0.0,0.0
2022-01-18 18:09:00.005214,0.0,0.0,0.0
2022-01-18 18:09:00.506396,0.0,0.0,0.0
2022-01-18 18:09:01.001504,0.0,0.0,0.0
2022-01-18 18:09:01.500580,0.0,0.0,0.0
2022-01-18 18:09:02.004314,0.0,0.0,0.0
2022-01-18 18:09:02.509335,0.0,0.0,0.0
2022-01-18 18:09:03.010403,0.0,0.0,0.0
2022-01-18 18:09:03.504142,0.0,0.0,0.0
2022-01-18 18:09:04.005798,0.0,0.0,0.0
2022-01-18 18:09:04.509421,0.0,0.0,0.0
2022-01-18 18:09:05.009966,0.0,0.0,0.0
2022-01-18 18:09:05.500818,0.0,0.0,0.0
2022-01-18 18:09:06.007415,0.0,0.0,0.0
2022-01-18 18:09:06.502935,0.0,0.0,0.0
2022-01-18 18:09:07.005351,0.0,0.0,0.0
2022-01-18 18:09:07.510374,0.0,0.0,0.0
2022-01-18 18:09:08.007328,0.0,0.0,0.0
2022-01-18 18:09:08.505384,0.0,0.0,0.0
2022-01-18 18:09:09.004217,0.0,0.0,0.0
2022-01-18 18:09:09.502117,0.0,0.0,0.0
2022-01-18 18:09:10.004697,0.0,0.0,0.0
2022-01-18 18:09:10.506379,0.0,0.0,0.0
2022-01-18 18:09:11.009219,0.0,0.0,0.0
2022-01-18 18:09:11.503940,0.0,0.0,0.0
2022-01-18 18:09:12.010243,0.0,0.0,0.0
2022-01-18 18:09:12.504009,0.0,0.0,0.0
2022-01-18 18:09:13.002439,0.0,0.0,0.0
2022-01-18 18:09:13.510123,0.0,0.0,0.0
2022-01-18 18:09:14.006819,0.0,0.0,0.0
2022-01-18 18:09:14.504601,0.0,0.0,0.0
2022-01-18 18:09:15.007351,0.0,0.0,0.0
2022-01-18 18:09:15.505118,0.0,0.0,0.0
2022-01-18 18:09:16.004231,0.0,0.0,0.0
2022-01-18 18:09:16.504255,0.0,0.0,0.0
2022-01-18 18:09:17.005329,0.0,0.0,0.0
2022-01-18 18:09:17.505544,0.0,0.0,0.0
2022-01-18 18:09:18.010208,0.0,0.0,0.0
2022-01-18 18:09:18.500726,0.0,0.0,0.0
2022-01-18 18:09:19.007029,0.0,0.0,0.0
2022-01-18 18:09:19.510766,0.0,0.0,0.0
2022-01-18 18:09:20.005766,0.0,0.0,0.0
2022-01-18 18:09:20.506947,0.0,0.0,0.0
2022-01-18 18:09:21.002957,0.0,0.0,0.0
2022-01-18 18:09:21.508599,0.0,0.0,0.0
2022-01-18 18:09:22.005952,0.0,0.0,0.0
2022-01-18 18:09:22.507951,0.0,0.0,0.0
2022-01-18 18:09:23.004206,0.0,0.0,0.0
2022-01-18 18:09:23.505888,0.0,0.0,0.0
2022-01-18 18:09:24.003381,0.0,0.0,0.0
2022-01-18 18:09:24.505343,0.0,0.0,0.0
2022-01-18 18:09:25.001056,0.0,0.0,0.0
2022-01-18 18:09:25.504978,0.0,0.0,0.0
2022-01-18 18:09:26.010235,0.0,0.0,0.0
2022-01-18 18:09:26.503095,0.0,0.0,0.0
2022-01-18 18:09:27.010136,0.0,0.0,0.0
2022-01-18 18:09:27.510792,0.0,0.0,0.0
2022-01-18 18:09:28.007378,0.0,0.0,0.0
2022-01-18 18:09:28.510165,0.0,0.0,0.0
2022-01-18 18:09:29.005826,0.0,0.0,0.0
2022-01-18 18:09:29.509960,0.0,0.0,0.0
2022-01-18 18:09:30.006553,0.0,0.0,0.0
2022-01-18 18:09:30.511169,0.0,0.0,0.0
2022-01-18 18:09:31.008027,0.0,0.0,0.0
2022-01-18 18:09:31.510392,0.0,0.0,0.0
2022-01-18 18:09:32.007422,0.0,0.0,0.0
2022-01-18 18:09:32.509413,0.0,0.0,0.0
2022-01-18 18:09:33.006665,0.0,0.0,0.0
2022-01-18 18:09:33.508557,0.0,0.0,0.0
2022-01-18 18:09:34.004699,0.0,0.0,0.0
2022-01-18 18:09:34.501812,0.0,0.0,0.0
2022-01-18 18:09:35.009760,0.0,0.0,0.0
2022-01-18 18:09:35.510460,0.0,0.0,0.0
2022-01-18 18:09:36.006441,0.0,0.0,0.0
2022-01-18 18:09:36.508208,0.0,0.0,0.0
2022-01-18 18:09:37.004961,0.0,0.0,0.0
2022-01-18 18:09:37.509737,0.0,0.0,0.0
2022-01-18 18:09:38.003813,0.0,0.0,0.0
2022-01-18 18:09:38.507860,0.0,0.0,0.0
2022-01-18 18:09:39.001411,0.0,0.0,0.0
2022-01-18 18:09:39.505159,0.0,0.0,0.0
2022-01-18 18:09:40.010426,0.0,0.0,0.0
2022-01-18 18:09:40.505639,0.0,0.0,0.0
2022-01-18 18:09:41.001715,0.0,0.0,0.0
2022-01-18 18:09:41.506602,0.0,0.0,0.0
2022-01-18 18:09:42.002989,0.0,0.0,0.0
2022-01-18 18:09:42.506720,0.0,0.0,0.0
2022-01-18 18:09:43.010494,0.0,0.0,0.0
2022-01-18 18:09:43.506646,0.0,0.0,0.0
2022-01-18 18:09:44.003196,0.0,0.0,0.0
2022-01-18 18:09:44.504988,0.0,0.0,0.0
2022-01-18 18:09:45.008778,0.0,0.0,0.0
2022-01-18 18:09:45.501864,0.0,0.0,0.0
2022-01-18 18:09:46.005828,0.0,0.0,0.0
2022-01-18 18:09:46.508739,0.0,0.0,0.0
2022-01-18 18:09:47.004599,0.0,0.0,0.0
2022-01-18 18:09:47.509084,0.0,0.0,0.0
2022-01-18 18:09:48.002691,0.0,0.0,0.0
2022-01-18 18:09:48.506689,0.0,0.0,0.0
2022-01-18 18:09:49.010834,0.0,0.0,0.0
2022-01-18 18:09:49.503291,0.0,0.0,0.0
2022-01-18 18:09:50.008854,0.0,0.0,0.0
2022-01-18 18:09:50.501149,0.0,0.0,0.0
2022-01-18 18:09:51.007064,0.0,0.0,0.0
2022-01-18 18:09:51.501062,0.0,0.0,0.0
2022-01-18 18:09:52.009155,0.0,0.0,0.0
2022-01-18 18:09:52.502610,0.0,0.0,0.0
2022-01-18 18:09:53.007894,0.0,0.0,0.0
2022-01-18 18:09:53.510474,0.0,0.0,0.0
2022-01-18 18:09:54.004362,0.0,0.0,0.0
2022-01-18 18:09:54.507106,0.0,0.0,0.0
2022-01-18 18:09:55.002115,0.0,0.0,0.0
2022-01-18 18:09:55.505786,0.0,0.0,0.0
2022-01-18 18:09:56.009893,0.0,0.0,0.0
2022-01-18 18:09:56.506625,0.0,0.0,0.0
2022-01-18 18:09:57.002436,0.0,0.0,0.0
2022-01-18 18:09:57.504398,0.0,0.0,0.0
2022-01-18 18:09:58.001635,0.0,0.0,0.0
2022-01-18 18:09:58.503370,0.0,0.0,0.0
2022-01-18 18:09:59.009348,0.0,0.0,0.0
2022-01-18 18:09:59.511038,0.0,0.0,0.0
2022-01-18 18:10:00.005203,0.0,0.0,0.0
2022-01-18 18:10:00.509329,0.0,0.0,0.0
2022-01-18 18:10:01.004668,0.0,0.0,0.0
2022-01-18 18:10:01.507602,0.0,0.0,0.0
2022-01-18 18:10:02.003932,0.0,0.0,0.0
2022-01-18 18:10:02.506625,0.0,0.0,0.0
2022-01-18 18:10:03.000732,0.0,0.0,0.0
2022-01-18 18:10:03.504695,0.0,0.0,0.0
2022-01-18 18:10:04.010737,0.0,0.0,0.0
2022-01-18 18:10:04.502743,0.0,0.0,0.0
2022-01-18 18:10:05.010796,0.0,0.0,0.0
2022-01-18 18:10:05.502089,0.0,0.0,0.0
2022-01-18 18:10:06.008168,0.0,0.0,0.0
2022-01-18 18:10:06.511224,0.0,0.0,0.0
2022-01-18 18:10:07.006119,0.0,0.0,0.0
2022-01-18 18:10:07.508194,0.0,0.0,0.0
2022-01-18 18:10:08.005023,0.0,0.0,0.0
2022-01-18 18:10:08.508126,0.0,0.0,0.0
2022-01-18 18:10:09.002576,0.0,0.0,0.0
2022-01-18 18:10:09.505635,0.0,0.0,0.0
2022-01-18 18:10:10.002539,0.0,0.0,0.0
2022-01-18 18:10:10.510523,0.0,0.0,0.0
2022-01-18 18:10:11.007800,0.0,0.0,0.0
2022-01-18 18:10:11.509981,0.0,0.0,0.0
2022-01-18 18:10:12.005625,0.0,0.0,0.0
2022-01-18 18:10:12.508213,0.0,0.0,0.0
2022-01-18 18:10:13.004133,0.0,0.0,0.0
2022-01-18 18:10:13.509125,0.0,0.0,0.0
2022-01-18 18:10:14.005817,0.0,0.0,0.0
2022-01-18 18:10:14.508133,0.0,0.0,0.0
2022-01-18 18:10:15.003200,0.0,0.0,0.0
2022-01-18 18:10:15.506540,0.0,0.0,0.0
2022-01-18 18:10:16.001900,0.0,0.0,0.0
2022-01-18 18:10:16.505208,0.0,0.0,0.0
2022-01-18 18:10:17.011170,0.0,0.0,0.0
2022-01-18 18:10:17.503783,0.0,0.0,0.0
2022-01-18 18:10:18.010767,0.0,0.0,0.0
2022-01-18 18:10:18.504838,0.0,0.0,0.0
2022-01-18 18:10:19.010954,0.0,0.0,0.0
2022-01-18 18:10:19.505078,0.0,0.0,0.0
2022-01-18 18:10:20.009570,0.0,0.0,0.0
2022-01-18 18:10:20.504437,0.0,0.0,0.0
2022-01-18 18:10:21.009744,0.0,0.0,0.0
2022-01-18 18:10:21.502059,0.0,0.0,0.0
2022-01-18 18:10:22.006701,0.0,0.0,0.0
2022-01-18 18:10:22.509668,0.0,0.0,0.0
2022-01-18 18:10:23.005858,0.0,0.0,0.0
2022-01-18 18:10:23.510002,0.0,0.0,0.0
2022-01-18 18:10:24.004972,0.0,0.0,0.0
2022-01-18 18:10:24.508044,0.0,0.0,0.0
2022-01-18 18:10:25.001334,0.0,0.0,0.0
2022-01-18 18:10:25.508358,0.0,0.0,0.0
2022-01-18 18:10:26.001079,0.0,0.0,0.0
2022-01-18 18:10:26.504457,0.0,0.0,0.0
2022-01-18 18:10:27.009845,0.0,0.0,0.0
2022-01-18 18:10:27.504044,0.0,0.0,0.0
2022-01-18 18:10:28.008244,0.0,0.0,0.0
2022-01-18 18:10:28.502839,0.0,0.0,0.0
2022-01-18 18:10:29.008075,0.0,0.0,0.0
2022-01-18 18:10:29.510991,0.0,0.0,0.0
2022-01-18 18:10:30.004051,0.0,0.0,0.0
2022-01-18 18:10:30.509506,0.0,0.0,0.0
2022-01-18 18:10:31.005874,0.0,0.0,0.0
2022-01-18 18:10:31.502984,0.0,0.0,0.0
2022-01-18 18:10:32.007582,0.0,0.0,0.0
2022-01-18 18:10:32.508602,0.0,0.0,0.0
2022-01-18 18:10:33.003590,0.0,0.0,0.0
2022-01-18 18:10:33.506671,0.0,0.0,0.0
2022-01-18 18:10:34.003065,0.0,0.0,0.0
2022-01-18 18:10:34.505565,0.0,0.0,0.0
2022-01-18 18:10:35.001826,0.0,0.0,0.0
2022-01-18 18:10:35.501709,0.0,0.0,0.0
2022-01-18 18:10:36.007929,0.0,0.0,0.0
2022-01-18 18:10:36.501154,0.0,0.0,0.0
2022-01-18 18:10:37.007020,0.0,0.0,0.0
2022-01-18 18:10:37.501645,0.0,0.0,0.0
2022-01-18 18:10:38.010201,0.0,0.0,0.0
2022-01-18 18:10:38.503105,0.0,0.0,0.0
2022-01-18 18:10:39.009037,0.0,0.0,0.0
2022-01-18 18:10:39.510740,0.0,0.0,0.0
2022-01-18 18:10:40.006238,0.0,0.0,0.0
2022-01-18 18:10:40.509197,0.0,0.0,0.0
2022-01-18 18:10:41.006837,0.0,0.0,0.0
2022-01-18 18:10:41.506106,0.0,0.0,0.0
2022-01-18 18:10:42.002205,0.0,0.0,0.0
2022-01-18 18:10:42.503941,0.0,0.0,0.0
2022-01-18 18:10:43.008445,0.0,0.0,0.0
2022-01-18 18:10:43.509959,0.0,0.0,0.0
2022-01-18 18:10:44.006829,0.0,0.0,0.0
2022-01-18 18:10:44.508522,0.0,0.0,0.0
2022-01-18 18:10:45.006350,0.0,0.0,0.0
2022-01-18 18:10:45.509043,0.0,0.0,-0.03864
2022-01-18 18:10:46.006844,0.0,0.0,-0.03864
2022-01-18 18:10:46.510648,0.0,0.0,-0.03864
2022-01-18 18:10:47.011098,0.0,0.0,-0.03864
2022-01-18 18:10:47.502522,0.0,0.0,0.0
2022-01-18 18:10:48.009303,0.0,0.0,0.0
2022-01-18 18:10:48.501215,0.0,0.0,0.0
2022-01-18 18:10:49.007665,0.0,0.0,0.0
2022-01-18 18:10:49.501177,0.0,0.0,0.0
2022-01-18 18:10:50.007126,0.0,0.0,0.0
2022-01-18 18:10:50.510635,0.0,0.0,0.0
2022-01-18 18:10:51.006040,0.0,0.0,0.0
2022-01-18 18:10:51.507617,0.0,0.0,0.0
2022-01-18 18:10:52.002205,0.0,0.0,0.0
2022-01-18 18:10:52.505097,0.0,0.0,0.0
2022-01-18 18:10:53.010874,0.0,0.0,0.0
2022-01-18 18:10:53.502157,0.0,0.0,0.0
2022-01-18 18:10:54.505110,0.0,0.0,0.0
2022-01-18 18:10:55.009877,0.0,0.0,0.0
2022-01-18 18:10:55.502465,0.0,0.0,0.0
2022-01-18 18:10:56.007672,0.0,0.0,0.0
2022-01-18 18:10:56.503686,0.0,0.0,0.0
2022-01-18 18:10:57.008072,0.0,0.0,0.0
2022-01-18 18:10:57.510051,0.0,0.0,0.0
2022-01-18 18:10:58.005723,0.0,0.0,0.0
2022-01-18 18:10:58.509793,0.0,0.0,0.0
2022-01-18 18:10:59.005642,0.0,0.0,0.0
2022-01-18 18:10:59.510303,0.0,0.0,0.0
2022-01-18 18:11:00.003936,0.0,0.0,0.0
2022-01-18 18:11:00.509195,0.0,0.0,0.0
2022-01-18 18:11:01.004544,0.0,0.0,0.0
2022-01-18 18:11:01.506416,0.0,0.0,0.0
2022-01-18 18:11:02.009915,0.0,0.0,0.0
2022-01-18 18:11:02.501182,0.0,0.0,0.0
2022-01-18 18:11:03.004802,0.0,0.0,0.0
2022-01-18 18:11:03.508797,0.0,0.0,0.0
2022-01-18 18:11:04.004691,0.0,0.0,0.0
2022-01-18 18:11:04.503819,0.0,0.0,0.0
2022-01-18 18:11:05.000717,0.0,0.0,0.0
2022-01-18 18:11:05.501766,0.0,0.0,0.0
2022-01-18 18:11:06.002940,0.0,0.0,0.0
2022-01-18 18:11:06.503815,0.0,0.0,0.0
2022-01-18 18:11:07.006750,0.0,0.0,0.0
2022-01-18 18:11:07.510321,0.0,0.0,0.0
2022-01-18 18:11:08.003991,0.0,0.0,0.0
2022-01-18 18:11:08.507464,0.0,0.0,0.0
2022-01-18 18:11:09.005960,0.0,0.0,0.0
2022-01-18 18:11:09.509322,0.0,0.0,0.0
2022-01-18 18:11:10.001801,0.0,0.0,0.0
2022-01-18 18:11:10.509603,0.0,0.0,0.0
2022-01-18 18:11:11.002424,0.0,0.0,0.0
2022-01-18 18:11:11.507437,0.0,0.0,0.0
2022-01-18 18:11:12.002088,0.0,0.0,0.0
2022-01-18 18:11:12.510264,0.0,0.0,0.0
2022-01-18 18:11:13.001951,0.0,0.0,0.0
2022-01-18 18:11:13.503136,0.0,0.0,0.0
2022-01-18 18:11:14.010070,0.0,0.0,0.0
2022-01-18 18:11:14.505521,0.0,0.0,0.0
2022-01-18 18:11:15.009034,0.0,0.0,0.0
2022-01-18 18:11:15.501657,0.0,0.0,0.0
2022-01-18 18:11:16.006439,0.0,0.0,0.0
2022-01-18 18:11:16.508246,0.0,0.0,0.0
2022-01-18 18:11:17.010553,0.0,0.0,0.0
2022-01-18 18:11:17.509652,0.0,0.0,0.0
2022-01-18 18:11:18.008632,0.0,0.0,0.0
2022-01-18 18:11:18.506667,0.0,0.0,0.0
2022-01-18 18:11:19.007222,0.0,0.0,0.0
2022-01-18 18:11:19.507748,0.0,0.0,0.0
2022-01-18 18:11:20.002221,0.0,0.0,0.0
2022-01-18 18:11:20.504026,0.0,0.0,0.0
2022-01-18 18:11:21.005547,0.0,0.0,0.0
2022-01-18 18:11:21.509125,0.0,0.0,0.0
2022-01-18 18:11:22.005974,0.0,0.0,0.0
2022-01-18 18:11:22.507758,0.0,0.0,0.0
2022-01-18 18:11:23.002585,0.0,0.0,0.0
2022-01-18 18:11:23.504829,0.0,0.0,0.0
2022-01-18 18:11:24.011144,0.0,0.0,0.0
2022-01-18 18:11:24.504854,0.0,0.0,0.0
2022-01-18 18:11:25.001746,0.0,0.0,0.0
2022-01-18 18:11:25.504648,0.0,0.0,0.0
2022-01-18 18:11:26.010187,0.0,0.0,0.0
2022-01-18 18:11:26.510904,0.0,0.0,0.0
2022-01-18 18:11:27.006883,0.0,0.0,0.0
2022-01-18 18:11:27.506236,0.0,0.0,0.0
2022-01-18 18:11:28.008769,0.0,0.0,0.0
2022-01-18 18:11:28.510870,0.0,0.0,0.0
2022-01-18 18:11:29.007427,0.0,0.0,0.0
2022-01-18 18:11:29.511425,0.0,0.0,0.0
2022-01-18 18:11:30.007204,0.0,0.0,0.0
2022-01-18 18:11:30.510362,0.0,0.0,0.0
2022-01-18 18:11:31.005759,0.0,0.0,0.0
2022-01-18 18:11:31.508287,0.0,0.0,0.0
2022-01-18 18:11:32.002722,0.0,0.0,0.0
2022-01-18 18:11:32.507720,0.0,0.0,0.0
2022-01-18 18:11:33.001261,0.0,0.0,0.0
2022-01-18 18:11:33.505065,0.0,0.0,0.0
2022-01-18 18:11:34.007991,0.0,0.0,0.0
2022-01-18 18:11:34.510584,0.0,0.0,0.0
2022-01-18 18:11:35.005237,0.0,0.0,0.0
2022-01-18 18:11:35.507850,0.0,0.0,0.0
2022-01-18 18:11:36.003864,0.0,0.0,0.0
2022-01-18 18:11:36.506546,0.0,0.0,0.0
2022-01-18 18:11:37.009622,0.0,0.0,0.0
2022-01-18 18:11:37.511076,0.0,0.0,0.0
2022-01-18 18:11:38.003677,0.0,0.0,0.0
2022-01-18 18:11:38.508154,0.0,0.0,0.0
2022-01-18 18:11:39.001943,0.0,0.0,0.0
2022-01-18 18:11:39.506023,0.0,0.0,0.0
2022-01-18 18:11:40.008341,0.0,0.0,0.0
2022-01-18 18:11:40.502696,0.0,0.0,0.0
2022-01-18 18:11:41.006617,0.0,0.0,0.0
2022-01-18 18:11:41.509162,0.0,0.0,0.0
2022-01-18 18:11:42.004208,0.0,0.0,0.0
2022-01-18 18:11:42.509055,0.0,0.0,0.0
2022-01-18 18:11:43.004701,0.0,0.0,0.0
2022-01-18 18:11:43.508383,0.0,0.0,0.0
2022-01-18 18:11:44.003090,0.0,0.0,0.0
2022-01-18 18:11:44.507274,0.0,0.0,0.0
2022-01-18 18:11:45.002179,0.0,0.0,0.0
2022-01-18 18:11:45.507222,0.0,0.0,0.0
2022-01-18 18:11:46.004095,0.0,0.0,0.0
2022-01-18 18:11:46.502656,0.0,0.0,0.0
2022-01-18 18:11:47.009334,0.0,0.0,0.0
2022-01-18 18:11:47.503732,0.0,0.0,0.0
2022-01-18 18:11:48.010204,0.0,0.0,0.0
2022-01-18 18:11:48.502781,0.0,0.0,0.0
2022-01-18 18:11:49.007163,0.0,0.0,0.0
2022-01-18 18:11:49.509813,0.0,0.0,0.0
2022-01-18 18:11:50.003474,0.0,0.0,0.0
2022-01-18 18:11:50.507131,0.0,0.0,0.0
2022-01-18 18:11:51.002873,0.0,0.0,0.0
2022-01-18 18:11:51.503057,0.0,0.0,0.0
2022-01-18 18:11:52.008239,0.0,0.0,0.0
2022-01-18 18:11:52.510225,0.0,0.0,0.0
2022-01-18 18:11:53.004925,0.0,0.0,0.0
2022-01-18 18:11:53.509319,0.0,0.0,0.0
2022-01-18 18:11:54.003567,0.0,0.0,0.0
2022-01-18 18:11:54.504442,0.0,0.0,0.0
2022-01-18 18:11:55.009688,0.0,0.0,0.0
2022-01-18 18:11:55.503272,0.0,0.0,0.0
2022-01-18 18:11:56.000930,0.0,0.0,0.0
2022-01-18 18:11:56.504202,0.0,0.0,0.0
2022-01-18 18:11:57.010050,0.0,0.0,0.0
2022-01-18 18:11:57.501454,0.0,0.0,0.0
2022-01-18 18:11:58.008061,0.0,0.0,0.0
2022-01-18 18:11:58.509290,0.0,0.0,0.0
2022-01-18 18:11:59.002782,0.0,0.0,0.0
2022-01-18 18:11:59.502336,0.0,0.0,0.0
2022-01-18 18:12:00.005760,0.0,0.0,0.0
2022-01-18 18:12:00.506656,0.0,0.0,0.0
2022-01-18 18:12:01.008568,0.0,0.0,0.0
2022-01-18 18:12:01.509835,0.0,0.0,0.0
2022-01-18 18:12:02.001740,0.0,0.0,0.0
2022-01-18 18:12:02.503330,0.0,0.0,0.0
2022-01-18 18:12:03.008619,0.0,0.0,0.0
2022-01-18 18:12:03.502002,0.0,0.0,0.0
2022-01-18 18:12:04.005795,0.0,0.0,0.0
2022-01-18 18:12:04.508133,0.0,0.0,0.0
2022-01-18 18:12:05.003627,0.0,0.0,0.0
2022-01-18 18:12:05.506256,0.0,0.0,0.0
2022-01-18 18:12:06.010953,0.0,0.0,0.0
2022-01-18 18:12:06.502395,0.0,0.0,0.0
2022-01-18 18:12:07.008675,0.0,0.0,0.0
2022-01-18 18:12:07.508967,0.0,0.0,0.0
2022-01-18 18:12:08.004268,0.0,0.0,0.0
2022-01-18 18:12:08.501392,0.0,0.0,0.0
2022-01-18 18:12:09.004881,0.0,0.0,0.0
2022-01-18 18:12:09.507009,0.0,0.0,0.0
2022-01-18 18:12:10.010069,0.0,0.0,0.0
2022-01-18 18:12:10.501173,0.0,0.0,0.0
2022-01-18 18:12:11.004254,0.0,0.0,0.0
2022-01-18 18:12:11.503382,0.0,0.0,0.0
2022-01-18 18:12:12.009458,0.0,0.0,0.0
2022-01-18 18:12:12.508797,0.0,0.0,0.0
2022-01-18 18:12:13.008984,0.0,0.0,0.0
2022-01-18 18:12:13.510195,0.0,0.0,0.0
2022-01-18 18:12:14.002907,0.0,0.0,0.0
2022-01-18 18:12:14.506107,0.0,0.0,0.0
2022-01-18 18:12:15.010704,0.0,0.0,0.0
2022-01-18 18:12:15.509367,0.0,0.0,0.0
2022-01-18 18:12:16.004561,0.0,0.0,0.0
2022-01-18 18:12:16.509966,0.0,0.0,0.0
2022-01-18 18:12:17.006146,0.0,0.0,0.0
2022-01-18 18:12:17.508955,0.0,0.0,0.0
2022-01-18 18:12:18.010213,0.0,0.0,0.0
2022-01-18 18:12:18.509251,0.0,0.0,0.0
2022-01-18 18:12:19.003115,0.0,0.0,0.0
2022-01-18 18:12:19.505776,0.0,0.0,0.0
2022-01-18 18:12:20.001834,0.0,0.0,0.0
2022-01-18 18:12:20.504869,0.0,0.0,0.0
2022-01-18 18:12:21.011084,0.0,0.0,0.0
2022-01-18 18:12:21.505156,0.0,0.0,0.0
2022-01-18 18:12:22.010020,0.0,0.0,0.0
2022-01-18 18:12:22.503317,0.0,0.0,0.0
2022-01-18 18:12:23.009500,0.0,0.0,0.0
2022-01-18 18:12:23.501296,0.0,0.0,0.0
2022-01-18 18:12:24.004286,0.0,0.0,0.0
2022-01-18 18:12:24.508035,0.0,0.0,0.0
2022-01-18 18:12:25.002478,0.0,0.0,0.0
2022-01-18 18:12:25.508811,0.0,0.0,0.0
2022-01-18 18:12:26.006062,0.0,0.0,0.0
2022-01-18 18:12:26.511353,0.0,0.0,0.0
2022-01-18 18:12:27.006884,0.0,0.0,0.0
2022-01-18 18:12:28.004620,0.0,0.0,0.0
2022-01-18 18:12:28.509460,0.0,0.0,0.0
2022-01-18 18:12:29.005191,0.0,0.0,0.0
2022-01-18 18:12:29.505097,0.0,0.0,0.0
2022-01-18 18:12:30.002739,0.0,0.0,0.0
2022-01-18 18:12:30.508617,0.0,0.0,0.0
2022-01-18 18:12:31.004752,0.0,0.0,0.0
2022-01-18 18:12:31.507277,0.0,0.0,0.0
2022-01-18 18:12:32.003619,0.0,0.0,0.0
2022-01-18 18:12:32.503594,0.0,0.0,0.0
2022-01-18 18:12:33.001345,0.0,0.0,0.0
2022-01-18 18:12:33.503136,0.0,0.0,0.0
2022-01-18 18:12:34.008836,0.0,0.0,0.0
2022-01-18 18:12:34.503906,0.0,0.0,0.0
2022-01-18 18:12:35.008537,0.0,0.0,0.0
2022-01-18 18:12:35.510646,0.0,0.0,0.0
2022-01-18 18:12:36.007810,0.0,0.0,0.0
2022-01-18 18:12:36.501433,0.0,0.0,0.0
2022-01-18 18:12:37.006288,0.0,0.0,0.0
2022-01-18 18:12:37.509042,0.0,0.0,0.0
2022-01-18 18:12:38.008025,0.0,0.0,0.0
2022-01-18 18:12:38.509466,0.0,0.0,0.0
2022-01-18 18:12:39.007901,0.0,0.0,0.0
2022-01-18 18:12:39.508559,0.0,0.0,0.0
2022-01-18 18:12:40.005450,0.0,0.0,0.0
2022-01-18 18:12:40.509661,0.0,0.0,0.0
2022-01-18 18:12:41.005527,0.0,0.0,0.0
2022-01-18 18:12:41.508742,0.0,0.0,0.0
2022-01-18 18:12:42.004102,0.0,0.0,0.0
2022-01-18 18:12:42.507860,0.0,0.0,0.0
2022-01-18 18:12:43.006037,0.0,0.0,0.0
2022-01-18 18:12:43.508639,0.0,0.0,0.0
2022-01-18 18:12:44.006880,0.0,0.0,0.0
2022-01-18 18:12:44.509315,0.0,0.0,0.0
2022-01-18 18:12:45.004124,0.0,0.0,0.0
2022-01-18 18:12:45.505162,0.0,0.0,0.0
2022-01-18 18:12:46.010219,0.0,0.0,0.0
2022-01-18 18:12:46.502188,0.0,0.0,0.0
2022-01-18 18:12:47.008646,0.0,0.0,0.0
2022-01-18 18:12:47.501655,0.0,0.0,0.0
2022-01-18 18:12:48.010261,0.0,0.0,0.0
2022-01-18 18:12:48.502808,0.0,0.0,0.0
2022-01-18 18:12:49.009516,0.0,0.0,0.0
2022-01-18 18:12:49.503680,0.0,0.0,0.0
2022-01-18 18:12:50.009008,0.0,0.0,0.0
2022-01-18 18:12:50.503354,0.0,0.0,0.0
2022-01-18 18:12:51.008557,0.0,0.0,0.0
2022-01-18 18:12:51.501923,0.0,0.0,0.0
2022-01-18 18:12:52.004679,0.0,0.0,0.0
2022-01-18 18:12:52.508242,0.0,0.0,0.0
2022-01-18 18:12:53.008539,0.0,0.0,0.0
2022-01-18 18:12:53.501690,0.0,0.0,0.0
2022-01-18 18:12:54.005610,0.0,0.0,0.0
2022-01-18 18:12:54.510395,0.0,0.0,0.0
2022-01-18 18:12:55.005183,0.0,0.0,0.0
2022-01-18 18:12:55.507226,0.0,0.0,0.0
2022-01-18 18:12:56.002109,0.0,0.0,0.0
2022-01-18 18:12:56.506328,0.0,0.0,0.0
2022-01-18 18:12:57.009506,0.0,0.0,0.0
2022-01-18 18:12:57.503957,0.0,0.0,0.0
2022-01-18 18:12:58.010806,0.0,0.0,0.0
2022-01-18 18:12:58.505012,0.0,0.0,0.0
2022-01-18 18:12:59.010872,0.0,0.0,0.0
2022-01-18 18:12:59.504750,0.0,0.0,0.0
2022-01-18 18:13:00.002421,0.0,0.0,0.0
2022-01-18 18:13:00.510409,0.0,0.0,0.0
2022-01-18 18:13:01.007650,0.0,0.0,0.0
2022-01-18 18:13:01.505399,0.0,0.0,0.0
2022-01-18 18:13:02.006897,0.0,0.0,0.0
2022-01-18 18:13:02.509882,0.0,0.0,0.0
2022-01-18 18:13:03.003572,0.0,0.0,0.0
2022-01-18 18:13:03.509228,0.0,0.0,0.0
2022-01-18 18:13:04.003725,0.0,0.0,0.0
2022-01-18 18:13:04.509443,0.0,0.0,0.0
2022-01-18 18:13:05.005834,0.0,0.0,0.0
2022-01-18 18:13:05.510072,0.0,0.0,0.0
2022-01-18 18:13:06.003141,0.0,0.0,0.0
2022-01-18 18:13:06.510887,0.0,0.0,0.0
2022-01-18 18:13:07.007787,0.0,0.0,0.0
2022-01-18 18:13:07.502708,0.0,0.0,0.0
2022-01-18 18:13:08.008190,0.0,0.0,0.0
2022-01-18 18:13:08.501908,0.0,0.0,0.0
2022-01-18 18:13:09.011626,0.0,0.0,0.0
2022-01-18 18:13:09.502532,0.0,0.0,0.0
2022-01-18 18:13:10.009389,0.0,0.0,0.0
2022-01-18 18:13:10.502912,0.0,0.0,0.0
2022-01-18 18:13:11.001747,0.0,0.0,0.0
2022-01-18 18:13:11.503566,0.0,0.0,0.0
2022-01-18 18:13:12.008201,0.0,0.0,0.0
2022-01-18 18:13:12.501510,0.0,0.0,0.0
2022-01-18 18:13:13.006317,0.0,0.0,0.0
2022-01-18 18:13:13.509330,0.0,0.0,0.0
2022-01-18 18:13:14.004359,0.0,0.0,0.0
2022-01-18 18:13:14.507876,0.0,0.0,0.0
2022-01-18 18:13:15.003299,0.0,0.0,0.0
2022-01-18 18:13:15.508067,0.0,0.0,0.0
2022-01-18 18:13:16.006877,0.0,0.0,0.0
2022-01-18 18:13:16.509473,0.0,0.0,0.0
2022-01-18 18:13:17.003462,0.0,0.0,0.0
2022-01-18 18:13:17.503109,0.0,0.0,0.0
2022-01-18 18:13:18.010865,0.0,0.0,0.0
2022-01-18 18:13:18.503820,0.0,0.0,0.0
2022-01-18 18:13:19.010443,0.0,0.0,0.0
2022-01-18 18:13:19.501948,0.0,0.0,0.0
2022-01-18 18:13:20.006990,0.0,0.0,0.0
2022-01-18 18:13:20.509697,0.0,0.0,0.0
2022-01-18 18:13:21.005192,0.0,0.0,0.0
2022-01-18 18:13:21.506583,0.0,0.0,0.0
2022-01-18 18:13:22.002108,0.0,0.0,0.0
2022-01-18 18:13:22.507248,0.0,0.0,0.0
2022-01-18 18:13:23.002525,0.0,0.0,0.0
2022-01-18 18:13:23.507250,0.0,0.0,0.0
2022-01-18 18:13:24.005937,0.0,0.0,0.0
2022-01-18 18:13:24.508682,0.0,0.0,0.0
2022-01-18 18:13:25.002748,0.0,0.0,0.0
2022-01-18 18:13:25.505891,0.0,0.0,0.0
2022-01-18 18:13:26.001515,0.0,0.0,0.0
2022-01-18 18:13:26.506197,0.0,0.0,0.0
2022-01-18 18:13:27.002378,0.0,0.0,0.0
2022-01-18 18:13:27.506548,0.0,0.0,-0.03864
2022-01-18 18:13:28.004678,0.0,0.0,-0.03864
2022-01-18 18:13:28.509324,0.0,0.0,0.0
2022-01-18 18:13:29.003426,0.0,0.0,0.0
2022-01-18 18:13:29.507160,0.0,0.0,0.0
2022-01-18 18:13:30.002380,0.0,0.0,0.0
2022-01-18 18:13:30.508407,0.0,0.0,0.0
2022-01-18 18:13:31.005117,0.0,0.0,0.0
2022-01-18 18:13:31.509553,0.0,0.0,0.0
2022-01-18 18:13:32.005661,0.0,0.0,0.0
2022-01-18 18:13:32.508106,0.0,0.0,0.0
2022-01-18 18:13:33.003381,0.0,0.0,0.0
2022-01-18 18:13:33.507560,0.0,0.0,0.0
2022-01-18 18:13:34.003408,0.0,0.0,0.0
2022-01-18 18:13:34.506530,0.0,0.0,-0.03864
2022-01-18 18:13:35.001881,0.0,0.0,-0.03864
2022-01-18 18:13:35.508375,0.0,0.0,0.0
2022-01-18 18:13:36.004079,0.0,0.0,0.0
2022-01-18 18:13:36.509492,0.0,0.0,0.0
2022-01-18 18:13:37.005484,0.0,0.0,0.0
2022-01-18 18:13:37.508558,0.0,0.0,0.0
2022-01-18 18:13:38.005537,0.0,0.0,0.0
2022-01-18 18:13:38.507879,0.0,0.0,0.0
2022-01-18 18:13:39.003076,0.0,0.0,0.0
2022-01-18 18:13:39.507883,0.0,0.0,0.0
2022-01-18 18:13:40.006141,0.0,0.0,0.0
2022-01-18 18:13:40.509849,0.0,0.0,0.0
2022-01-18 18:13:41.006846,0.0,0.0,0.0
2022-01-18 18:13:41.508437,0.0,0.0,0.0
2022-01-18 18:13:42.004760,0.0,0.0,0.0
2022-01-18 18:13:42.508766,0.0,0.0,0.0
2022-01-18 18:13:43.002754,0.0,0.0,0.0
2022-01-18 18:13:43.505202,0.0,0.0,0.0
2022-01-18 18:13:44.008977,0.0,0.0,0.0
2022-01-18 18:13:44.506747,0.0,0.0,0.0
2022-01-18 18:13:45.002577,0.0,0.0,0.0
2022-01-18 18:13:45.505349,0.0,0.0,0.0
2022-01-18 18:13:46.002410,0.0,0.0,0.0
2022-01-18 18:13:46.508212,0.0,0.0,0.0
2022-01-18 18:13:47.001690,0.0,0.0,0.0
2022-01-18 18:13:47.504998,0.0,0.0,0.0
2022-01-18 18:13:48.001557,0.0,0.0,0.0
2022-01-18 18:13:48.502781,0.0,0.0,0.0
2022-01-18 18:13:49.001254,0.0,0.0,0.0
2022-01-18 18:13:49.505101,0.0,0.0,0.0
2022-01-18 18:13:50.010015,0.0,0.0,0.0
2022-01-18 18:13:50.501881,0.0,0.0,0.0
2022-01-18 18:13:51.007283,0.0,0.0,0.0
2022-01-18 18:13:51.509836,0.0,0.0,0.0
2022-01-18 18:13:52.005566,0.0,0.0,0.0
2022-01-18 18:13:52.507291,0.0,0.0,0.0
2022-01-18 18:13:53.002132,0.0,0.0,0.0
2022-01-18 18:13:53.505279,0.0,0.0,0.0
2022-01-18 18:13:54.010281,0.0,0.0,0.0
2022-01-18 18:13:54.502084,0.0,0.0,0.0
2022-01-18 18:13:55.009778,0.0,0.0,0.0
2022-01-18 18:13:55.503399,0.0,0.0,0.0
2022-01-18 18:13:56.008757,0.0,0.0,0.0
2022-01-18 18:13:56.509975,0.0,0.0,0.0
2022-01-18 18:13:57.004756,0.0,0.0,0.0
2022-01-18 18:13:57.508253,0.0,0.0,0.0
2022-01-18 18:13:58.006608,0.0,0.0,0.0
2022-01-18 18:13:58.508665,0.0,0.0,0.0
2022-01-18 18:13:59.003455,0.0,0.0,0.0
2022-01-18 18:13:59.507464,0.0,0.0,0.0
2022-01-18 18:14:00.010761,0.0,0.0,0.0
2022-01-18 18:14:00.503292,0.0,0.0,0.0
2022-01-18 18:14:01.009792,0.0,0.0,0.0
2022-01-18 18:14:01.502419,0.0,0.0,0.0
2022-01-18 18:14:02.011118,0.0,0.0,0.0
2022-01-18 18:14:02.510838,0.0,0.0,0.0
2022-01-18 18:14:03.005460,0.0,0.0,0.0
2022-01-18 18:14:03.509620,0.0,0.0,0.0
2022-01-18 18:14:04.005199,0.0,0.0,0.0
2022-01-18 18:14:04.508973,0.0,0.0,0.0
2022-01-18 18:14:05.006009,0.0,0.0,0.0
2022-01-18 18:14:05.508317,0.0,0.0,0.0
2022-01-18 18:14:06.003086,0.0,0.0,0.0
2022-01-18 18:14:06.506207,0.0,0.0,0.0
2022-01-18 18:14:07.001807,0.0,0.0,0.0
2022-01-18 18:14:07.505043,0.0,0.0,0.0
2022-01-18 18:14:08.009741,0.0,0.0,0.0
2022-01-18 18:14:08.503361,0.0,0.0,0.0
2022-01-18 18:14:09.009835,0.0,0.0,0.0
2022-01-18 18:14:09.503063,0.0,0.0,0.0
2022-01-18 18:14:10.010179,0.0,0.0,0.0
2022-01-18 18:14:10.503021,0.0,0.0,0.0
2022-01-18 18:14:11.008157,0.0,0.0,0.0
2022-01-18 18:14:11.502818,0.0,0.0,0.0
2022-01-18 18:14:12.008119,0.0,0.0,0.0
2022-01-18 18:14:12.510710,0.0,0.0,0.0
2022-01-18 18:14:13.005957,0.0,0.0,0.0
2022-01-18 18:14:13.501046,0.0,0.0,0.0
2022-01-18 18:14:14.004240,0.0,0.0,0.0
2022-01-18 18:14:14.507930,0.0,0.0,0.0
2022-01-18 18:14:15.010997,0.0,0.0,0.0
2022-01-18 18:14:15.502666,0.0,0.0,0.0
2022-01-18 18:14:16.008314,0.0,0.0,0.0
2022-01-18 18:14:17.004544,0.0,0.0,0.0
2022-01-18 18:14:17.507962,0.0,0.0,0.0
2022-01-18 18:14:18.010538,0.0,0.0,0.0
2022-01-18 18:14:18.505087,0.0,0.0,0.0
2022-01-18 18:14:19.001302,0.0,0.0,0.0
2022-01-18 18:14:19.509008,0.0,0.0,0.0
2022-01-18 18:14:20.002665,0.0,0.0,0.0
2022-01-18 18:14:20.508098,0.0,0.0,0.0
2022-01-18 18:14:21.004626,0.0,0.0,0.0
2022-01-18 18:14:21.506875,0.0,0.0,0.0
2022-01-18 18:14:22.001652,0.0,0.0,0.0
2022-01-18 18:14:22.503767,0.0,0.0,0.0
2022-01-18 18:14:23.009558,0.0,0.0,0.0
2022-01-18 18:14:23.502779,0.0,0.0,0.0
2022-01-18 18:14:24.010174,0.0,0.0,0.0
2022-01-18 18:14:24.505208,0.0,0.0,0.0
2022-01-18 18:14:25.008350,0.0,0.0,0.0
2022-01-18 18:14:25.509867,0.0,0.0,0.0
2022-01-18 18:14:26.003485,0.0,0.0,0.0
2022-01-18 18:14:26.507638,0.0,0.0,0.0
2022-01-18 18:14:27.003004,0.0,0.0,0.0
2022-01-18 18:14:27.508919,0.0,0.0,0.0
2022-01-18 18:14:28.006431,0.0,0.0,0.0
2022-01-18 18:14:28.509379,0.0,0.0,0.0
2022-01-18 18:14:29.005929,0.0,0.0,0.0
2022-01-18 18:14:29.508840,0.0,0.0,0.0
2022-01-18 18:14:30.006782,0.0,0.0,0.0
2022-01-18 18:14:30.508847,0.0,0.0,0.0
2022-01-18 18:14:31.004243,0.0,0.0,0.0
2022-01-18 18:14:31.508278,0.0,0.0,0.0
2022-01-18 18:14:32.001957,0.0,0.0,0.0
2022-01-18 18:14:32.504242,0.0,0.0,0.0
2022-01-18 18:14:33.504907,0.0,0.0,0.0
2022-01-18 18:14:34.009160,0.0,0.0,0.0
2022-01-18 18:14:34.501060,0.0,0.0,0.0
2022-01-18 18:14:35.008758,0.0,0.0,0.0
2022-01-18 18:14:35.501498,0.0,0.0,0.0
2022-01-18 18:14:36.007993,0.0,0.0,0.0
2022-01-18 18:14:36.510772,0.0,0.0,0.0
2022-01-18 18:14:37.007155,0.0,0.0,0.0
2022-01-18 18:14:37.510568,0.0,0.0,0.0
2022-01-18 18:14:38.006160,0.0,0.0,0.0
2022-01-18 18:14:38.507415,0.0,0.0,0.0
2022-01-18 18:14:39.002772,0.0,0.0,0.0
2022-01-18 18:14:39.507859,0.0,0.0,0.0
2022-01-18 18:14:40.003644,0.0,0.0,0.0
2022-01-18 18:14:40.504653,0.0,0.0,0.0
2022-01-18 18:14:41.011157,0.0,0.0,0.0
2022-01-18 18:14:41.504636,0.0,0.0,0.0
2022-01-18 18:14:42.001113,0.0,0.0,0.0
2022-01-18 18:14:42.506070,0.0,0.0,0.0
2022-01-18 18:14:43.001426,0.0,0.0,0.0
2022-01-18 18:14:43.505781,0.0,0.0,0.0
2022-01-18 18:14:44.010870,0.0,0.0,0.0
2022-01-18 18:14:44.505126,0.0,0.0,0.0
2022-01-18 18:14:45.010827,0.0,0.0,0.0
2022-01-18 18:14:45.502127,0.0,0.0,0.0
2022-01-18 18:14:46.009807,0.0,0.0,0.0
2022-01-18 18:14:46.504485,0.0,0.0,0.0
2022-01-18 18:14:47.009332,0.0,0.0,0.0
2022-01-18 18:14:47.504579,0.0,0.0,0.0
2022-01-18 18:14:48.010133,0.0,0.0,0.0
2022-01-18 18:14:48.501487,0.0,0.0,0.0
2022-01-18 18:14:49.006961,0.0,0.0,0.0
2022-01-18 18:14:49.510897,0.0,0.0,0.0
2022-01-18 18:14:50.006381,0.0,0.0,0.0
2022-01-18 18:14:50.509127,0.0,0.0,0.0
2022-01-18 18:14:51.005038,0.0,0.0,0.0
2022-01-18 18:14:51.501491,0.0,0.0,0.0
2022-01-18 18:14:52.007815,0.0,0.0,0.0
2022-01-18 18:14:52.502687,0.0,0.0,0.0
2022-01-18 18:14:53.008332,0.0,0.0,0.0
2022-01-18 18:14:53.502170,0.0,0.0,0.0
2022-01-18 18:14:54.007376,0.0,0.0,0.0
2022-01-18 18:14:54.509000,0.0,0.0,0.0
2022-01-18 18:14:55.002851,0.0,0.0,0.0
2022-01-18 18:14:55.509065,0.0,0.0,0.0
2022-01-18 18:14:56.009282,0.0,0.0,0.0
2022-01-18 18:14:56.502784,0.0,0.0,0.0
2022-01-18 18:14:57.009221,0.0,0.0,0.0
2022-01-18 18:14:57.502167,0.0,0.0,0.0
2022-01-18 18:14:58.008794,0.0,0.0,0.0
2022-01-18 18:14:58.501074,0.0,0.0,0.0
2022-01-18 18:14:59.008615,0.0,0.0,0.0
2022-01-18 18:14:59.501891,0.0,0.0,0.0
2022-01-18 18:15:00.008707,0.0,0.0,0.0
2022-01-18 18:15:00.505432,0.0,0.0,0.0
2022-01-18 18:15:01.009342,0.0,0.0,0.0
2022-01-18 18:15:02.004940,0.0,0.0,0.0
2022-01-18 18:15:02.506936,0.0,0.0,0.0
2022-01-18 18:15:03.005548,0.0,0.0,0.0
2022-01-18 18:15:03.508765,0.0,0.0,0.0
2022-01-18 18:15:04.005111,0.0,0.0,0.0
2022-01-18 18:15:04.508966,0.0,0.0,0.0
2022-01-18 18:15:05.005830,0.0,0.0,0.0
2022-01-18 18:15:05.510604,0.0,0.0,0.0
2022-01-18 18:15:06.005882,0.0,0.0,0.0
2022-01-18 18:15:06.509467,0.0,0.0,0.0
2022-01-18 18:15:07.005647,0.0,0.0,0.0
2022-01-18 18:15:07.506361,0.0,0.0,0.0
2022-01-18 18:15:08.002709,0.0,0.0,0.0
2022-01-18 18:15:08.507015,0.0,0.0,0.0
2022-01-18 18:15:09.004196,0.0,0.0,0.0
2022-01-18 18:15:09.506485,0.0,0.0,0.0
2022-01-18 18:15:10.001529,0.0,0.0,0.0
2022-01-18 18:15:10.503512,0.0,0.0,0.0
2022-01-18 18:15:11.001848,0.0,0.0,0.0
2022-01-18 18:15:11.505652,0.0,0.0,0.0
2022-01-18 18:15:12.011381,0.0,0.0,0.0
2022-01-18 18:15:12.505732,0.0,0.0,0.0
2022-01-18 18:15:13.002442,0.0,0.0,0.0
2022-01-18 18:15:13.507349,0.0,0.0,0.0
2022-01-18 18:15:14.003453,0.0,0.0,0.0
2022-01-18 18:15:14.505661,0.0,0.0,0.0
2022-01-18 18:15:15.010542,0.0,0.0,0.0
2022-01-18 18:15:15.503141,0.0,0.0,0.0
2022-01-18 18:15:16.009376,0.0,0.0,0.0
2022-01-18 18:15:16.502687,0.0,0.0,0.0
2022-01-18 18:15:17.007130,0.0,0.0,0.0
2022-01-18 18:15:17.510708,0.0,0.0,0.0
2022-01-18 18:15:18.007596,0.0,0.0,0.0
2022-01-18 18:15:18.510635,0.0,0.0,0.0
2022-01-18 18:15:19.005240,0.0,0.0,0.0
2022-01-18 18:15:19.509663,0.0,0.0,0.0
2022-01-18 18:15:20.003452,0.0,0.0,0.0
2022-01-18 18:15:20.507287,0.0,0.0,0.0
2022-01-18 18:15:21.001777,0.0,0.0,0.0
2022-01-18 18:15:21.505898,0.0,0.0,0.0
2022-01-18 18:15:22.002766,0.0,0.0,0.0
2022-01-18 18:15:22.505919,0.0,0.0,0.0
2022-01-18 18:15:23.002762,0.0,0.0,0.0
2022-01-18 18:15:23.506594,0.0,0.0,0.0
2022-01-18 18:15:24.001301,0.0,0.0,0.0
2022-01-18 18:15:24.504288,0.0,0.0,0.0
2022-01-18 18:15:25.009009,0.0,0.0,0.0
2022-01-18 18:15:25.502214,0.0,0.0,0.0
2022-01-18 18:15:26.010406,0.0,0.0,0.0
2022-01-18 18:15:26.504003,0.0,0.0,0.0
2022-01-18 18:15:27.009782,0.0,0.0,0.0
2022-01-18 18:15:27.504942,0.0,0.0,0.0
2022-01-18 18:15:28.010800,0.0,0.0,0.0
2022-01-18 18:15:28.503506,0.0,0.0,0.0
2022-01-18 18:15:29.010512,0.0,0.0,0.0
2022-01-18 18:15:29.505248,0.0,0.0,0.0
2022-01-18 18:15:30.002042,0.0,0.0,0.0
2022-01-18 18:15:30.506144,0.0,0.0,0.0
2022-01-18 18:15:31.009901,0.0,0.0,0.0
2022-01-18 18:15:31.503283,0.0,0.0,0.0
2022-01-18 18:15:32.006152,0.0,0.0,0.0
2022-01-18 18:15:32.511393,0.0,0.0,0.0
2022-01-18 18:15:33.004589,0.0,0.0,0.0
2022-01-18 18:15:33.505857,0.0,0.0,0.0
2022-01-18 18:15:34.008603,0.0,0.0,0.0
2022-01-18 18:15:34.504209,0.0,0.0,0.0
2022-01-18 18:15:35.006447,0.0,0.0,0.0
2022-01-18 18:15:35.502250,0.0,0.0,0.0
2022-01-18 18:15:36.005261,0.0,0.0,0.0
2022-01-18 18:15:36.507697,0.0,0.0,0.0
2022-01-18 18:15:37.001688,0.0,0.0,0.0
2022-01-18 18:15:37.505940,0.0,0.0,0.0
2022-01-18 18:15:38.009841,0.0,0.0,0.0
2022-01-18 18:15:38.502788,0.0,0.0,0.0
2022-01-18 18:15:39.009741,0.0,0.0,0.0
2022-01-18 18:15:39.504000,0.0,0.0,0.0
2022-01-18 18:15:40.003253,0.0,0.0,0.0
2022-01-18 18:15:40.506546,0.0,0.0,0.0
2022-01-18 18:15:41.002573,0.0,0.0,0.0
2022-01-18 18:15:41.505990,0.0,0.0,0.0
2022-01-18 18:15:42.001672,0.0,0.0,0.0
2022-01-18 18:15:42.506628,0.0,0.0,0.0
2022-01-18 18:15:43.004056,0.0,0.0,0.0
2022-01-18 18:15:43.506483,0.0,0.0,0.0
2022-01-18 18:15:44.002414,0.0,0.0,0.0
2022-01-18 18:15:44.507342,0.0,0.0,0.0
2022-01-18 18:15:45.003697,0.0,0.0,0.0
2022-01-18 18:15:45.508032,0.0,0.0,0.0
2022-01-18 18:15:46.004470,0.0,0.0,0.0
2022-01-18 18:15:46.506537,0.0,0.0,0.0
2022-01-18 18:15:47.002010,0.0,0.0,0.0
2022-01-18 18:15:47.507386,0.0,0.0,0.0
2022-01-18 18:15:48.005517,0.0,0.0,0.0
2022-01-18 18:15:48.507454,0.0,0.0,0.0
2022-01-18 18:15:49.002750,0.0,0.0,0.0
2022-01-18 18:15:49.506198,0.0,0.0,0.0
2022-01-18 18:15:50.010849,0.0,0.0,0.0
2022-01-18 18:15:50.504864,0.0,0.0,0.0
2022-01-18 18:15:51.002222,0.0,0.0,0.0
2022-01-18 18:15:51.503605,0.0,0.0,0.0
2022-01-18 18:15:52.010049,0.0,0.0,0.0
2022-01-18 18:15:52.503592,0.0,0.0,0.0
2022-01-18 18:15:53.010255,0.0,0.0,0.0
2022-01-18 18:15:53.505565,0.0,0.0,0.0
2022-01-18 18:15:54.001965,0.0,0.0,0.0
2022-01-18 18:15:54.503933,0.0,0.0,0.0
2022-01-18 18:15:55.008651,0.0,0.0,0.0
2022-01-18 18:15:55.510695,0.0,0.0,0.0
2022-01-18 18:15:56.007177,0.0,0.0,0.0
2022-01-18 18:15:56.502767,0.0,0.0,0.0
2022-01-18 18:15:57.007700,0.0,0.0,0.0
2022-01-18 18:15:57.511011,0.0,0.0,0.0
2022-01-18 18:15:58.005145,0.0,0.0,0.0
2022-01-18 18:15:58.506790,0.0,0.0,0.0
2022-01-18 18:15:59.003777,0.0,0.0,0.0
2022-01-18 18:15:59.506334,0.0,0.0,0.0
2022-01-18 18:16:00.005278,0.0,0.0,0.0
2022-01-18 18:16:00.506444,0.0,0.0,0.0
2022-01-18 18:16:01.009143,0.0,0.0,0.0
2022-01-18 18:16:01.507176,0.0,0.0,0.0
2022-01-18 18:16:02.002052,0.0,0.0,0.0
2022-01-18 18:16:02.501874,0.0,0.0,0.0
2022-01-18 18:16:03.010192,0.0,0.0,0.0
2022-01-18 18:16:03.510492,0.0,0.0,0.0
2022-01-18 18:16:04.008610,0.0,0.0,0.0
2022-01-18 18:16:04.505544,0.0,0.0,0.0
2022-01-18 18:16:05.004786,0.0,0.0,0.0
2022-01-18 18:16:05.508760,0.0,0.0,0.0
2022-01-18 18:16:06.002660,0.0,0.0,0.0
2022-01-18 18:16:06.505157,0.0,0.0,0.0
2022-01-18 18:16:07.004104,0.0,0.0,0.0
2022-01-18 18:16:07.508959,0.0,0.0,0.0
2022-01-18 18:16:08.005638,0.0,0.0,0.0
2022-01-18 18:16:08.510311,0.0,0.0,0.0
2022-01-18 18:16:09.006320,0.0,0.0,0.0
2022-01-18 18:16:09.510699,0.0,0.0,0.0
2022-01-18 18:16:10.007280,0.0,0.0,0.0
2022-01-18 18:16:10.504137,0.0,0.0,0.0
2022-01-18 18:16:11.010571,0.0,0.0,0.0
2022-01-18 18:16:11.504325,0.0,0.0,0.0
2022-01-18 18:16:12.001391,0.0,0.0,0.0
2022-01-18 18:16:12.504905,0.0,0.0,0.0
2022-01-18 18:16:13.002262,0.0,0.0,0.0
2022-01-18 18:16:13.505058,0.0,0.0,0.0
2022-01-18 18:16:14.005569,0.0,0.0,0.0
2022-01-18 18:16:14.510429,0.0,0.0,0.0
2022-01-18 18:16:15.006102,0.0,0.0,0.0
2022-01-18 18:16:15.511143,0.0,0.0,0.0
2022-01-18 18:16:16.010206,0.0,0.0,0.0
2022-01-18 18:16:16.504984,0.0,0.0,0.0
2022-01-18 18:16:17.001871,0.0,0.0,0.0
2022-01-18 18:16:17.506935,0.0,0.0,0.0
2022-01-18 18:16:18.006622,0.0,0.0,0.0
2022-01-18 18:16:18.501051,0.0,0.0,0.0
2022-01-18 18:16:19.007909,0.0,0.0,0.0
2022-01-18 18:16:19.504369,0.0,0.0,0.0
2022-01-18 18:16:20.010820,0.0,0.0,0.0
2022-01-18 18:16:20.505092,0.0,0.0,0.0
2022-01-18 18:16:21.008412,0.0,0.0,0.0
2022-01-18 18:16:21.508726,0.0,0.0,0.0
2022-01-18 18:16:22.003262,0.0,0.0,0.0
2022-01-18 18:16:22.507033,0.0,0.0,0.0
2022-01-18 18:16:23.003625,0.0,0.0,0.0
2022-01-18 18:16:23.508038,0.0,0.0,0.0
2022-01-18 18:16:24.007650,0.0,0.0,0.0
2022-01-18 18:16:24.502826,0.0,0.0,0.0
2022-01-18 18:16:25.008848,0.0,0.0,0.0
2022-01-18 18:16:25.505568,0.0,0.0,0.0
2022-01-18 18:16:26.001469,0.0,0.0,0.0
2022-01-18 18:16:26.504767,0.0,0.0,0.0
2022-01-18 18:16:27.000948,0.0,0.0,0.0
2022-01-18 18:16:27.505980,0.0,0.0,0.0
2022-01-18 18:16:28.010478,0.0,0.0,0.0
2022-01-18 18:16:28.502387,0.0,0.0,0.0
2022-01-18 18:16:29.001705,0.0,0.0,0.0
2022-01-18 18:16:29.509714,0.0,0.0,0.0
2022-01-18 18:16:30.010902,0.0,0.0,0.0
2022-01-18 18:16:30.506602,0.0,0.0,0.0
2022-01-18 18:16:31.008118,0.0,0.0,0.0
2022-01-18 18:16:31.501827,0.0,0.0,0.0
2022-01-18 18:16:32.007460,0.0,0.0,0.0
2022-01-18 18:16:32.506545,0.0,0.0,0.0
2022-01-18 18:16:33.003013,0.0,0.0,0.0
2022-01-18 18:16:33.504675,0.0,0.0,0.0
2022-01-18 18:16:34.008028,0.0,0.0,0.0
2022-01-18 18:16:34.509304,0.0,0.0,0.0
2022-01-18 18:16:35.007929,0.0,0.0,0.0
2022-01-18 18:16:35.503530,0.0,0.0,0.0
2022-01-18 18:16:36.006270,0.0,0.0,0.0
2022-01-18 18:16:36.505934,0.0,0.0,0.0
2022-01-18 18:16:37.010255,0.0,0.0,0.0
2022-01-18 18:16:37.501013,0.0,0.0,0.0
2022-01-18 18:16:38.009830,0.0,0.0,0.0
2022-01-18 18:16:38.508468,0.0,0.0,0.0
2022-01-18 18:16:39.006783,0.0,0.0,0.0
2022-01-18 18:16:39.502089,0.0,0.0,0.0
2022-01-18 18:16:40.010268,0.0,0.0,0.0
2022-01-18 18:16:40.506087,0.0,0.0,0.0
2022-01-18 18:16:41.002491,0.0,0.0,0.0
2022-01-18 18:16:41.506881,0.0,0.0,0.0
2022-01-18 18:16:42.008995,0.0,0.0,0.0
2022-01-18 18:16:42.506181,0.0,0.0,0.0
2022-01-18 18:16:43.006971,0.0,0.0,0.0
2022-01-18 18:16:43.503452,0.0,0.0,0.0
2022-01-18 18:16:44.006715,0.0,0.0,0.0
2022-01-18 18:16:44.501314,0.0,0.0,0.0
2022-01-18 18:16:45.007138,0.0,0.0,0.0
2022-01-18 18:16:45.508831,0.0,0.0,0.0
2022-01-18 18:16:46.004318,0.0,0.0,0.0
2022-01-18 18:16:46.506882,0.0,0.0,0.0
2022-01-18 18:16:47.008904,0.0,0.0,0.0
2022-01-18 18:16:47.505189,0.0,0.0,0.0
2022-01-18 18:16:48.002457,0.0,0.0,0.0
2022-01-18 18:16:48.501561,0.0,0.0,0.0
2022-01-18 18:16:49.004275,0.0,0.0,0.0
2022-01-18 18:16:49.503429,0.0,0.0,0.0
2022-01-18 18:16:50.006162,0.0,0.0,0.0
2022-01-18 18:16:50.503483,0.0,0.0,0.0
2022-01-18 18:16:51.010813,0.0,0.0,0.0
2022-01-18 18:16:51.504927,0.0,0.0,0.0
2022-01-18 18:16:52.004457,0.0,0.0,0.0
2022-01-18 18:16:52.508991,0.0,0.0,0.0
2022-01-18 18:16:53.007031,0.0,0.0,0.0
2022-01-18 18:16:53.501052,0.0,0.0,0.0
2022-01-18 18:16:54.004110,0.0,0.0,0.0
2022-01-18 18:16:54.507337,0.0,0.0,0.0
2022-01-18 18:16:55.001226,0.0,0.0,0.0
2022-01-18 18:16:55.502422,0.0,0.0,0.0
2022-01-18 18:16:56.005701,0.0,0.0,0.0
2022-01-18 18:16:56.505348,0.0,0.0,0.0
2022-01-18 18:16:57.007146,0.0,0.0,0.0
2022-01-18 18:16:57.508670,0.0,0.0,0.0
2022-01-18 18:16:58.005148,0.0,0.0,0.0
2022-01-18 18:16:58.509501,0.0,0.0,0.0
2022-01-18 18:16:59.005061,0.0,0.0,0.0
2022-01-18 18:16:59.510399,0.0,0.0,0.0
2022-01-18 18:17:00.006574,0.0,0.0,0.0
2022-01-18 18:17:00.506356,0.0,0.0,0.0
2022-01-18 18:17:01.002999,0.0,0.0,0.0
2022-01-18 18:17:01.509130,0.0,0.0,0.0
2022-01-18 18:17:02.005825,0.0,0.0,0.0
2022-01-18 18:17:02.501100,0.0,0.0,0.0
2022-01-18 18:17:03.008882,0.0,0.0,0.0
2022-01-18 18:17:03.506491,0.0,0.0,0.0
2022-01-18 18:17:04.003339,0.0,0.0,0.0
2022-01-18 18:17:04.508011,0.0,0.0,0.0
2022-01-18 18:17:05.006443,0.0,0.0,0.0
2022-01-18 18:17:05.501759,0.0,0.0,0.0
2022-01-18 18:17:06.010003,0.0,0.0,0.0
2022-01-18 18:17:06.509769,0.0,0.0,0.0
2022-01-18 18:17:07.007081,0.0,0.0,0.0
2022-01-18 18:17:07.508840,0.0,0.0,0.0
2022-01-18 18:17:08.003861,0.0,0.0,0.0
2022-01-18 18:17:08.507589,0.0,0.0,0.0
2022-01-18 18:17:09.010386,0.0,0.0,0.0
2022-01-18 18:17:09.509191,0.0,0.0,0.0
2022-01-18 18:17:10.002503,0.0,0.0,0.0
2022-01-18 18:17:10.506225,0.0,0.0,0.0
2022-01-18 18:17:11.010490,0.0,0.0,0.0
2022-01-18 18:17:11.510819,0.0,0.0,0.0
2022-01-18 18:17:12.008164,0.0,0.0,0.0
2022-01-18 18:17:12.509912,0.0,0.0,0.0
2022-01-18 18:17:13.010860,0.0,0.0,0.0
2022-01-18 18:17:13.507668,0.0,0.0,0.0
2022-01-18 18:17:14.009557,0.0,0.0,0.0
2022-01-18 18:17:14.506298,0.0,0.0,0.0
2022-01-18 18:17:15.009753,0.0,0.0,0.0
2022-01-18 18:17:15.510393,0.0,0.0,0.0
2022-01-18 18:17:16.009263,0.0,0.0,0.0
2022-01-18 18:17:16.510185,0.0,0.0,0.0
2022-01-18 18:17:17.003269,0.0,0.0,0.0
2022-01-18 18:17:17.506762,0.0,0.0,0.0
2022-01-18 18:17:18.009408,0.0,0.0,0.0
2022-01-18 18:17:18.503510,0.0,0.0,0.0
2022-01-18 18:17:19.009816,0.0,0.0,0.0
2022-01-18 18:17:19.503840,0.0,0.0,0.0
2022-01-18 18:17:20.000848,0.0,0.0,0.0
2022-01-18 18:17:20.506232,0.0,0.0,0.0
2022-01-18 18:17:21.003499,0.0,0.0,0.0
2022-01-18 18:17:21.506294,0.0,0.0,0.0
2022-01-18 18:17:22.004409,0.0,0.0,0.0
2022-01-18 18:17:22.504557,0.0,0.0,0.0
2022-01-18 18:17:23.010260,0.0,0.0,0.0
2022-01-18 18:17:23.509931,0.0,0.0,0.0
2022-01-18 18:17:24.002096,0.0,0.0,0.0
2022-01-18 18:17:24.506321,0.0,0.0,0.0
2022-01-18 18:17:25.005825,0.0,0.0,0.0
2022-01-18 18:17:25.509082,0.0,0.0,0.0
2022-01-18 18:17:26.005959,0.0,0.0,0.0
2022-01-18 18:17:26.507684,0.0,0.0,0.0
2022-01-18 18:17:27.004517,0.0,0.0,0.0
2022-01-18 18:17:27.506825,0.0,0.0,0.0
2022-01-18 18:17:28.004226,0.0,0.0,0.0
2022-01-18 18:17:28.505257,0.0,0.0,0.0
2022-01-18 18:17:29.002418,0.0,0.0,0.0
2022-01-18 18:17:29.501720,0.0,0.0,0.0
2022-01-18 18:17:30.003001,0.0,0.0,0.0
2022-01-18 18:17:30.504602,0.0,0.0,0.0
2022-01-18 18:17:31.009774,0.0,0.0,0.0
2022-01-18 18:17:31.503745,0.0,0.0,0.0
2022-01-18 18:17:32.008002,0.0,0.0,0.0
2022-01-18 18:17:32.503201,0.0,0.0,0.0
2022-01-18 18:17:33.011724,0.0,0.0,0.0
2022-01-18 18:17:33.501596,0.0,0.0,0.0
2022-01-18 18:17:34.008945,0.0,0.0,0.0
2022-01-18 18:17:34.503279,0.0,0.0,0.0
2022-01-18 18:17:35.009377,0.0,0.0,0.0
2022-01-18 18:17:35.510679,0.0,0.0,0.0
2022-01-18 18:17:36.003422,0.0,0.0,0.0
2022-01-18 18:17:36.510497,0.0,0.0,0.0
2022-01-18 18:17:37.003680,0.0,0.0,0.0
2022-01-18 18:17:37.506157,0.0,0.0,0.0
2022-01-18 18:17:38.006576,0.0,0.0,0.0
2022-01-18 18:17:38.507458,0.0,0.0,0.0
2022-01-18 18:17:39.008706,0.0,0.0,0.0
2022-01-18 18:17:39.509469,0.0,0.0,0.0
2022-01-18 18:17:40.006076,0.0,0.0,0.0
2022-01-18 18:17:40.507690,0.0,0.0,0.0
2022-01-18 18:17:41.003911,0.0,0.0,0.0
2022-01-18 18:17:41.506976,0.0,0.0,0.0
2022-01-18 18:17:42.010939,0.0,0.0,0.0
2022-01-18 18:17:42.503689,0.0,0.0,0.0
2022-01-18 18:17:43.009689,0.0,0.0,0.0
2022-01-18 18:17:43.503662,0.0,0.0,0.0
2022-01-18 18:17:44.009697,0.0,0.0,0.0
2022-01-18 18:17:44.505856,0.0,0.0,0.0
2022-01-18 18:17:45.010343,0.0,0.0,0.0
2022-01-18 18:17:45.502770,0.0,0.0,0.0
2022-01-18 18:17:46.007144,0.0,0.0,0.0
2022-01-18 18:17:46.501562,0.0,0.0,0.0
2022-01-18 18:17:47.007234,0.0,0.0,0.0
2022-01-18 18:17:47.510923,0.0,0.0,0.0
2022-01-18 18:17:48.006836,0.0,0.0,0.0
2022-01-18 18:17:48.511388,0.0,0.0,0.0
2022-01-18 18:17:49.005791,0.0,0.0,0.0
2022-01-18 18:17:49.511152,0.0,0.0,0.0
2022-01-18 18:17:50.008440,0.0,0.0,0.0
2022-01-18 18:17:50.510463,0.0,0.0,0.0
2022-01-18 18:17:51.005050,0.0,0.0,0.0
2022-01-18 18:17:51.507303,0.0,0.0,0.0
2022-01-18 18:17:52.002369,0.0,0.0,0.0
2022-01-18 18:17:52.505984,0.0,0.0,0.0
2022-01-18 18:17:53.010876,0.0,0.0,0.0
2022-01-18 18:17:53.505244,0.0,0.0,0.0
2022-01-18 18:17:54.001122,0.0,0.0,0.0
2022-01-18 18:17:54.503944,0.0,0.0,0.0
2022-01-18 18:17:55.008728,0.0,0.0,0.0
2022-01-18 18:17:55.501442,0.0,0.0,0.0
2022-01-18 18:17:56.006471,0.0,0.0,0.0
2022-01-18 18:17:56.510463,0.0,0.0,0.0
2022-01-18 18:17:57.006319,0.0,0.0,0.0
2022-01-18 18:17:57.508908,0.0,0.0,0.0
2022-01-18 18:17:58.006155,0.0,0.0,0.0
2022-01-18 18:17:58.502864,0.0,0.0,0.0
2022-01-18 18:17:59.008592,0.0,0.0,0.0
2022-01-18 18:17:59.503009,0.0,0.0,0.0
2022-01-18 18:18:00.007333,0.0,0.0,0.0
2022-01-18 18:18:00.502752,0.0,0.0,0.0
2022-01-18 18:18:01.009345,0.0,0.0,0.0
2022-01-18 18:18:01.508412,0.0,0.0,0.0
2022-01-18 18:18:02.005061,0.0,0.0,0.0
2022-01-18 18:18:02.507241,0.0,0.0,0.0
2022-01-18 18:18:03.002821,0.0,0.0,0.0
2022-01-18 18:18:03.506926,0.0,0.0,0.0
2022-01-18 18:18:04.003117,0.0,0.0,0.0
2022-01-18 18:18:04.507241,0.0,0.0,0.0
2022-01-18 18:18:05.003953,0.0,0.0,0.0
2022-01-18 18:18:05.506856,0.0,0.0,0.0
2022-01-18 18:18:06.002327,0.0,0.0,0.0
2022-01-18 18:18:06.508432,0.0,0.0,0.0
2022-01-18 18:18:07.004784,0.0,0.0,0.0
2022-01-18 18:18:07.507284,0.0,0.0,0.0
2022-01-18 18:18:08.004453,0.0,0.0,0.0
2022-01-18 18:18:08.502865,0.0,0.0,0.0
2022-01-18 18:18:09.010011,0.0,0.0,0.0
2022-01-18 18:18:09.509712,0.0,0.0,0.0
2022-01-18 18:18:10.006945,0.0,0.0,0.0
2022-01-18 18:18:10.509395,0.0,0.0,0.0
2022-01-18 18:18:11.007855,0.0,0.0,0.0
2022-01-18 18:18:11.511030,0.0,0.0,0.0
2022-01-18 18:18:12.006370,0.0,0.0,0.0
2022-01-18 18:18:12.508381,0.0,0.0,0.0
2022-01-18 18:18:13.005290,0.0,0.0,0.0
2022-01-18 18:18:13.507787,0.0,0.0,0.0
2022-01-18 18:18:14.004088,0.0,0.0,0.0
2022-01-18 18:18:14.505279,0.0,0.0,0.0
2022-01-18 18:18:15.010638,0.0,0.0,0.0
2022-01-18 18:18:15.505823,0.0,0.0,0.0
2022-01-18 18:18:16.009457,0.0,0.0,0.0
2022-01-18 18:18:16.501295,0.0,0.0,0.0
2022-01-18 18:18:17.005700,0.0,0.0,0.0
2022-01-18 18:18:17.505758,0.0,0.0,0.0
2022-01-18 18:18:18.009308,0.0,0.0,0.0
2022-01-18 18:18:18.510257,0.0,0.0,0.0
2022-01-18 18:18:19.007536,0.0,0.0,0.0
2022-01-18 18:18:19.503566,0.0,0.0,0.0
2022-01-18 18:18:20.010499,0.0,0.0,0.0
2022-01-18 18:18:20.502763,0.0,0.0,0.0
2022-01-18 18:18:21.006932,0.0,0.0,0.0
2022-01-18 18:18:21.509214,0.0,0.0,0.0
2022-01-18 18:18:22.006233,0.0,0.0,0.0
2022-01-18 18:18:22.509000,0.0,0.0,0.0
2022-01-18 18:18:23.001799,0.0,0.0,0.0
2022-01-18 18:18:23.505346,0.0,0.0,0.0
2022-01-18 18:18:24.010947,0.0,0.0,0.0
2022-01-18 18:18:24.506522,0.0,0.0,0.0
2022-01-18 18:18:25.002730,0.0,0.0,0.0
2022-01-18 18:18:25.506205,0.0,0.0,0.0
2022-01-18 18:18:26.002470,0.0,0.0,0.0
2022-01-18 18:18:26.509987,0.0,0.0,0.0
2022-01-18 18:18:27.005685,0.0,0.0,0.0
2022-01-18 18:18:27.510683,0.0,0.0,0.0
2022-01-18 18:18:28.006300,0.0,0.0,0.0
2022-01-18 18:18:28.503286,0.0,0.0,0.0
2022-01-18 18:18:29.009196,0.0,0.0,0.0
2022-01-18 18:18:29.509223,0.0,0.0,0.0
2022-01-18 18:18:30.005070,0.0,0.0,0.0
2022-01-18 18:18:30.508672,0.0,0.0,0.0
2022-01-18 18:18:31.004717,0.0,0.0,0.0
2022-01-18 18:18:31.508138,0.0,0.0,0.0
2022-01-18 18:18:32.002860,0.0,0.0,0.0
2022-01-18 18:18:32.506420,0.0,0.0,0.0
2022-01-18 18:18:33.002813,0.0,0.0,0.0
2022-01-18 18:18:33.507119,0.0,0.0,0.0
2022-01-18 18:18:34.001395,0.0,0.0,0.0
2022-01-18 18:18:34.505261,0.0,0.0,0.0
2022-01-18 18:18:35.008470,0.0,0.0,0.0
2022-01-18 18:18:35.503568,0.0,0.0,0.0
2022-01-18 18:18:36.008446,0.0,0.0,0.0
2022-01-18 18:18:36.504254,0.0,0.0,0.0
2022-01-18 18:18:37.008661,0.0,0.0,0.0
2022-01-18 18:18:37.505541,0.0,0.0,0.0
2022-01-18 18:18:38.002210,0.0,0.0,0.0
2022-01-18 18:18:38.507290,0.0,0.0,0.0
2022-01-18 18:18:39.001295,0.0,0.0,0.0
2022-01-18 18:18:39.504754,0.0,0.0,0.0
2022-01-18 18:18:40.001720,0.0,0.0,0.0
2022-01-18 18:18:40.503963,0.0,0.0,0.0
2022-01-18 18:18:41.009007,0.0,0.0,0.0
2022-01-18 18:18:41.505151,0.0,0.0,0.0
2022-01-18 18:18:42.002769,0.0,0.0,0.0
2022-01-18 18:18:42.506070,0.0,0.0,0.0
2022-01-18 18:18:43.010571,0.0,0.0,0.0
2022-01-18 18:18:43.502614,0.0,0.0,0.0
2022-01-18 18:18:44.009851,0.0,0.0,0.0
2022-01-18 18:18:44.502566,0.0,0.0,0.0
2022-01-18 18:18:45.010974,0.0,0.0,0.0
2022-01-18 18:18:45.507231,0.0,0.0,0.0
2022-01-18 18:18:46.004188,0.0,0.0,0.0
2022-01-18 18:18:46.505183,0.0,0.0,0.0
2022-01-18 18:18:47.002328,0.0,0.0,0.0
2022-01-18 18:18:47.507066,0.0,0.0,0.0
2022-01-18 18:18:48.003039,0.0,0.0,0.0
2022-01-18 18:18:48.504715,0.0,0.0,0.0
2022-01-18 18:18:49.010831,0.0,0.0,0.0
2022-01-18 18:18:49.503739,0.0,0.0,0.0
2022-01-18 18:18:50.010324,0.0,0.0,0.0
2022-01-18 18:18:50.504642,0.0,0.0,0.0
2022-01-18 18:18:51.001869,0.0,0.0,0.0
2022-01-18 18:18:51.505725,0.0,0.0,0.0
2022-01-18 18:18:52.011064,0.0,0.0,0.0
2022-01-18 18:18:52.502622,0.0,0.0,0.0
2022-01-18 18:18:53.010433,0.0,0.0,0.0
2022-01-18 18:18:53.503298,0.0,0.0,0.0
2022-01-18 18:18:54.009878,0.0,0.0,0.0
2022-01-18 18:18:54.511169,0.0,0.0,0.0
2022-01-18 18:18:55.007758,0.0,0.0,0.0
2022-01-18 18:18:55.510245,0.0,0.0,0.0
2022-01-18 18:18:56.009097,0.0,0.0,0.0
2022-01-18 18:18:56.501559,0.0,0.0,0.0
2022-01-18 18:18:57.007068,0.0,0.0,0.0
2022-01-18 18:18:57.510620,0.0,0.0,0.0
2022-01-18 18:18:58.007980,0.0,0.0,0.0
2022-01-18 18:18:58.510380,0.0,0.0,0.0
2022-01-18 18:18:59.010144,0.0,0.0,0.0
2022-01-18 18:18:59.503752,0.0,0.0,0.0
2022-01-18 18:19:00.008998,0.0,0.0,0.0
2022-01-18 18:19:00.503344,0.0,0.0,0.0
2022-01-18 18:19:01.011027,0.0,0.0,0.0
2022-01-18 18:19:01.504832,0.0,0.0,0.0
2022-01-18 18:19:02.001355,0.0,0.0,0.0
2022-01-18 18:19:02.505795,0.0,0.0,0.0
2022-01-18 18:19:03.010869,0.0,0.0,0.0
2022-01-18 18:19:03.506849,0.0,0.0,0.0
2022-01-18 18:19:04.001946,0.0,0.0,0.0
2022-01-18 18:19:04.504086,0.0,0.0,0.0
2022-01-18 18:19:05.008215,0.0,0.0,0.0
2022-01-18 18:19:05.503026,0.0,0.0,0.0
2022-01-18 18:19:06.010600,0.0,0.0,0.0
2022-01-18 18:19:06.504875,0.0,0.0,0.0
2022-01-18 18:19:07.001195,0.0,0.0,0.0
2022-01-18 18:19:07.506032,0.0,0.0,0.0
2022-01-18 18:19:08.009761,0.0,0.0,0.0
2022-01-18 18:19:08.502323,0.0,0.0,0.0
2022-01-18 18:19:09.005462,0.0,0.0,0.0
2022-01-18 18:19:09.510333,0.0,0.0,0.0
2022-01-18 18:19:10.003790,0.0,0.0,0.0
2022-01-18 18:19:10.506635,0.0,0.0,0.0
2022-01-18 18:19:11.008747,0.0,0.0,0.0
2022-01-18 18:19:11.504347,0.0,0.0,0.0
2022-01-18 18:19:12.011014,0.0,0.0,0.0
2022-01-18 18:19:12.504218,0.0,0.0,0.0
2022-01-18 18:19:13.002592,0.0,0.0,0.0
2022-01-18 18:19:13.508478,0.0,0.0,0.0
2022-01-18 18:19:14.005209,0.0,0.0,0.0
2022-01-18 18:19:14.507962,0.0,0.0,0.0
2022-01-18 18:19:15.005041,0.0,0.0,0.0
2022-01-18 18:19:15.507889,0.0,0.0,0.0
2022-01-18 18:19:16.002403,0.0,0.0,0.0
2022-01-18 18:19:16.509102,0.0,0.0,0.0
2022-01-18 18:19:17.002481,0.0,0.0,0.0
2022-01-18 18:19:17.510032,0.0,0.0,0.0
2022-01-18 18:19:18.004840,0.0,0.0,0.0
2022-01-18 18:19:18.510939,0.0,0.0,0.0
2022-01-18 18:19:19.006482,0.0,0.0,0.0
2022-01-18 18:19:19.507044,0.0,0.0,0.0
2022-01-18 18:19:20.003289,0.0,0.0,0.0
2022-01-18 18:19:20.503877,0.0,0.0,0.0
2022-01-18 18:19:21.001566,0.0,0.0,0.0
2022-01-18 18:19:21.504186,0.0,0.0,0.0
2022-01-18 18:19:22.010659,0.0,0.0,0.0
2022-01-18 18:19:22.502561,0.0,0.0,0.0
2022-01-18 18:19:23.009064,0.0,0.0,0.0
2022-01-18 18:19:23.509965,0.0,0.0,0.0
2022-01-18 18:19:24.006671,0.0,0.0,0.0
2022-01-18 18:19:24.510034,0.0,0.0,0.0
2022-01-18 18:19:25.004601,0.0,0.0,0.0
2022-01-18 18:19:25.507897,0.0,0.0,0.0
2022-01-18 18:19:26.005073,0.0,0.0,0.0
2022-01-18 18:19:26.506014,0.0,0.0,0.0
2022-01-18 18:19:27.503514,0.0,0.0,0.0
2022-01-18 18:19:28.008661,0.0,0.0,0.0
2022-01-18 18:19:28.510843,0.0,0.0,0.0
2022-01-18 18:19:29.006058,0.0,0.0,0.0
2022-01-18 18:19:29.509751,0.0,0.0,0.0
2022-01-18 18:19:30.006980,0.0,0.0,0.0
2022-01-18 18:19:30.511367,0.0,0.0,0.0
2022-01-18 18:19:31.005852,0.0,0.0,0.0
2022-01-18 18:19:31.505746,0.0,0.0,0.0
2022-01-18 18:19:32.011197,0.0,0.0,0.0
2022-01-18 18:19:32.502565,0.0,0.0,0.0
2022-01-18 18:19:33.009419,0.0,0.0,0.0
2022-01-18 18:19:33.510984,0.0,0.0,0.0
2022-01-18 18:19:34.007759,0.0,0.0,0.0
2022-01-18 18:19:34.510744,0.0,0.0,0.0
2022-01-18 18:19:35.009897,0.0,0.0,0.0
2022-01-18 18:19:35.502021,0.0,0.0,0.0
2022-01-18 18:19:36.010919,0.0,0.0,0.0
2022-01-18 18:19:36.503232,0.0,0.0,0.0
2022-01-18 18:19:37.010600,0.0,0.0,0.0
2022-01-18 18:19:37.504550,0.0,0.0,0.0
2022-01-18 18:19:38.001239,0.0,0.0,0.0
2022-01-18 18:19:38.504349,0.0,0.0,0.0
2022-01-18 18:19:39.008555,0.0,0.0,0.0
2022-01-18 18:19:39.501892,0.0,0.0,0.0
2022-01-18 18:19:40.005805,0.0,0.0,0.0
2022-01-18 18:19:40.501146,0.0,0.0,0.0
2022-01-18 18:19:41.004759,0.0,0.0,0.0
2022-01-18 18:19:41.506590,0.0,0.0,0.0
2022-01-18 18:19:42.008884,0.0,0.0,0.0
2022-01-18 18:19:42.507501,0.0,0.0,0.0
2022-01-18 18:19:43.008204,0.0,0.0,0.0
2022-01-18 18:19:43.511129,0.0,0.0,0.0
2022-01-18 18:19:44.004600,0.0,0.0,0.0
2022-01-18 18:19:44.505769,0.0,0.0,0.0
2022-01-18 18:19:45.007425,0.0,0.0,0.0
2022-01-18 18:19:45.509970,0.0,0.0,0.0
2022-01-18 18:19:46.005759,0.0,0.0,0.0
2022-01-18 18:19:46.505503,0.0,0.0,0.0
2022-01-18 18:19:47.006439,0.0,0.0,0.0
2022-01-18 18:19:47.509201,0.0,0.0,0.0
2022-01-18 18:19:48.005188,0.0,0.0,0.0
2022-01-18 18:19:48.508450,0.0,0.0,0.0
2022-01-18 18:19:49.009731,0.0,0.0,0.0
2022-01-18 18:19:49.500912,0.0,0.0,0.0
2022-01-18 18:19:50.004201,0.0,0.0,0.0
2022-01-18 18:19:50.504375,0.0,0.0,0.0
2022-01-18 18:19:51.007333,0.0,0.0,0.0
2022-01-18 18:19:51.509176,0.0,0.0,0.0
2022-01-18 18:19:52.005068,0.0,0.0,0.0
2022-01-18 18:19:52.502532,0.0,0.0,0.0
2022-01-18 18:19:53.007882,0.0,0.0,0.0
2022-01-18 18:19:53.506696,0.0,0.0,0.0
2022-01-18 18:19:54.008644,0.0,0.0,0.0
2022-01-18 18:19:54.503496,0.0,0.0,0.0
2022-01-18 18:19:55.005284,0.0,0.0,0.0
2022-01-18 18:19:55.507617,0.0,0.0,0.0
2022-01-18 18:19:56.007884,0.0,0.0,0.0
2022-01-18 18:19:56.505767,0.0,0.0,0.0
2022-01-18 18:19:57.002868,0.0,0.0,0.0
2022-01-18 18:19:57.500947,0.0,0.0,0.0
2022-01-18 18:19:58.006526,0.0,0.0,0.0
2022-01-18 18:19:58.510544,0.0,0.0,0.0
2022-01-18 18:19:59.004955,0.0,0.0,0.0
2022-01-18 18:19:59.506620,0.0,0.0,0.0
2022-01-18 18:20:00.004791,0.0,0.0,0.0
2022-01-18 18:20:00.501513,0.0,0.0,0.0
2022-01-18 18:20:01.008054,0.0,0.0,0.0
2022-01-18 18:20:01.510602,0.0,0.0,0.0
2022-01-18 18:20:02.008468,0.0,0.0,0.0
2022-01-18 18:20:02.509778,0.0,0.0,0.0
2022-01-18 18:20:03.005384,0.0,0.0,0.0
2022-01-18 18:20:03.509814,0.0,0.0,0.0
2022-01-18 18:20:04.005644,0.0,0.0,0.0
2022-01-18 18:20:04.507999,0.0,0.0,0.0
2022-01-18 18:20:05.003212,0.0,0.0,0.0
2022-01-18 18:20:05.505695,0.0,0.0,0.0
2022-01-18 18:20:06.009968,0.0,0.0,0.0
2022-01-18 18:20:06.502027,0.0,0.0,0.0
2022-01-18 18:20:07.007586,0.0,0.0,0.0
2022-01-18 18:20:07.507287,0.0,0.0,0.0
2022-01-18 18:20:08.004926,0.0,0.0,0.0
2022-01-18 18:20:08.507776,0.0,0.0,0.0
2022-01-18 18:20:09.005894,0.0,0.0,0.0
2022-01-18 18:20:09.508092,0.0,0.0,0.0
2022-01-18 18:20:10.004520,0.0,0.0,0.0
2022-01-18 18:20:10.505978,0.0,0.0,0.0
2022-01-18 18:20:11.505011,0.0,0.0,0.0
2022-01-18 18:20:12.009727,0.0,0.0,0.0
2022-01-18 18:20:12.501804,0.0,0.0,0.0
2022-01-18 18:20:13.002259,0.0,0.0,0.0
2022-01-18 18:20:13.506783,0.0,0.0,0.0
2022-01-18 18:20:14.010127,0.0,0.0,0.0
2022-01-18 18:20:14.500645,0.0,0.0,0.0
2022-01-18 18:20:15.008029,0.0,0.0,0.0
2022-01-18 18:20:15.509150,0.0,0.0,0.0
2022-01-18 18:20:16.002877,0.0,0.0,0.0
2022-01-18 18:20:16.505706,0.0,0.0,0.0
2022-01-18 18:20:17.009867,0.0,0.0,0.0
2022-01-18 18:20:17.503662,0.0,0.0,0.0
2022-01-18 18:20:18.010266,0.0,0.0,0.0
2022-01-18 18:20:18.504200,0.0,0.0,0.0
2022-01-18 18:20:19.008836,0.0,0.0,0.0
2022-01-18 18:20:19.503276,0.0,0.0,0.0
2022-01-18 18:20:20.007565,0.0,0.0,0.0
2022-01-18 18:20:20.509673,0.0,0.0,0.0
2022-01-18 18:20:21.006531,0.0,0.0,0.0
2022-01-18 18:20:21.510997,0.0,0.0,0.0
2022-01-18 18:20:22.005512,0.0,0.0,0.0
2022-01-18 18:20:22.501503,0.0,0.0,0.0
2022-01-18 18:20:23.006638,0.0,0.0,0.0
2022-01-18 18:20:23.509671,0.0,0.0,0.0
2022-01-18 18:20:24.005471,0.0,0.0,0.0
2022-01-18 18:20:24.508940,0.0,0.0,0.0
2022-01-18 18:20:25.005021,0.0,0.0,0.0
2022-01-18 18:20:25.511060,0.0,0.0,0.0
2022-01-18 18:20:26.005388,0.0,0.0,0.0
2022-01-18 18:20:26.509965,0.0,0.0,0.0
2022-01-18 18:20:27.009059,0.0,0.0,0.0
2022-01-18 18:20:27.502617,0.0,0.0,0.0
2022-01-18 18:20:28.011160,0.0,0.0,0.0
2022-01-18 18:20:28.503874,0.0,0.0,0.0
2022-01-18 18:20:29.008536,0.0,0.0,0.0
2022-01-18 18:20:29.504959,0.0,0.0,0.0
2022-01-18 18:20:30.010014,0.0,0.0,0.0
2022-01-18 18:20:30.502990,0.0,0.0,0.0
2022-01-18 18:20:31.006875,0.0,0.0,0.0
2022-01-18 18:20:31.503045,0.0,0.0,0.0
2022-01-18 18:20:32.008599,0.0,0.0,0.0
2022-01-18 18:20:32.502877,0.0,0.0,0.0
2022-01-18 18:20:33.010237,0.0,0.0,0.0
2022-01-18 18:20:33.504853,0.0,0.0,0.0
2022-01-18 18:20:34.001485,0.0,0.0,0.0
2022-01-18 18:20:34.502058,0.0,0.0,0.0
2022-01-18 18:20:35.007707,0.0,0.0,0.0
2022-01-18 18:20:35.502184,0.0,0.0,0.0
2022-01-18 18:20:36.006156,0.0,0.0,0.0
2022-01-18 18:20:36.501714,0.0,0.0,0.0
2022-01-18 18:20:37.008650,0.0,0.0,0.0
2022-01-18 18:20:37.510864,0.0,0.0,0.0
2022-01-18 18:20:38.006924,0.0,0.0,0.0
2022-01-18 18:20:38.508289,0.0,0.0,0.0
2022-01-18 18:20:39.004652,0.0,0.0,0.0
2022-01-18 18:20:39.505537,0.0,0.0,0.0
2022-01-18 18:20:40.004700,0.0,0.0,0.0
2022-01-18 18:20:40.505526,0.0,0.0,0.0
2022-01-18 18:20:41.001508,0.0,0.0,0.0
2022-01-18 18:20:41.504160,0.0,0.0,0.0
2022-01-18 18:20:42.010513,0.0,0.0,0.0
2022-01-18 18:20:42.503205,0.0,0.0,0.0
2022-01-18 18:20:43.004454,0.0,0.0,0.0
2022-01-18 18:20:43.501276,0.0,0.0,0.0
2022-01-18 18:20:44.010138,0.0,0.0,0.0
2022-01-18 18:20:44.504160,0.0,0.0,0.0
2022-01-18 18:20:45.011179,0.0,0.0,0.0
2022-01-18 18:20:45.502827,0.0,0.0,0.0
2022-01-18 18:20:46.010867,0.0,0.0,0.0
2022-01-18 18:20:46.502353,0.0,0.0,0.0
2022-01-18 18:20:47.007469,0.0,0.0,0.0
2022-01-18 18:20:47.504560,0.0,0.0,0.0
2022-01-18 18:20:48.001667,0.0,0.0,0.0
2022-01-18 18:20:48.501863,0.0,0.0,0.0
2022-01-18 18:20:49.011052,0.0,0.0,0.0
2022-01-18 18:20:49.502358,0.0,0.0,0.0
2022-01-18 18:20:50.009912,0.0,0.0,0.0
2022-01-18 18:20:50.501634,0.0,0.0,0.0
2022-01-18 18:20:51.007591,0.0,0.0,0.0
2022-01-18 18:20:51.509548,0.0,0.0,0.0
2022-01-18 18:20:52.002808,0.0,0.0,0.0
2022-01-18 18:20:52.502868,0.0,0.0,0.0
2022-01-18 18:20:53.005453,0.0,0.0,0.0
2022-01-18 18:20:53.509927,0.0,0.0,0.0
2022-01-18 18:20:54.005405,0.0,0.0,0.0
2022-01-18 18:20:54.507603,0.0,0.0,0.0
2022-01-18 18:20:55.007078,0.0,0.0,0.0
2022-01-18 18:20:55.510443,0.0,0.0,0.0
2022-01-18 18:20:56.003822,0.0,0.0,0.0
2022-01-18 18:20:56.508907,0.0,0.0,0.0
2022-01-18 18:20:57.003564,0.0,0.0,0.0
2022-01-18 18:20:57.504796,0.0,0.0,0.0
2022-01-18 18:20:58.009714,0.0,0.0,0.0
2022-01-18 18:20:58.508668,0.0,0.0,0.0
2022-01-18 18:20:59.001395,0.0,0.0,0.0
2022-01-18 18:20:59.505621,0.0,0.0,0.0
2022-01-18 18:21:00.001853,0.0,0.0,0.0
2022-01-18 18:21:00.506323,0.0,0.0,0.0
2022-01-18 18:21:01.001212,0.0,0.0,0.0
2022-01-18 18:21:01.506141,0.0,0.0,0.0
2022-01-18 18:21:02.010816,0.0,0.0,0.0
2022-01-18 18:21:02.502858,0.0,0.0,0.0
2022-01-18 18:21:03.008447,0.0,0.0,0.0
2022-01-18 18:21:03.502096,0.0,0.0,0.0
2022-01-18 18:21:04.006414,0.0,0.0,0.0
2022-01-18 18:21:04.509570,0.0,0.0,0.0
2022-01-18 18:21:05.004842,0.0,0.0,0.0
2022-01-18 18:21:05.509155,0.0,0.0,0.0
2022-01-18 18:21:06.004026,0.0,0.0,0.0
2022-01-18 18:21:06.506800,0.0,0.0,0.0
2022-01-18 18:21:07.001568,0.0,0.0,0.0
2022-01-18 18:21:07.506430,0.0,0.0,0.0
2022-01-18 18:21:08.001163,0.0,0.0,0.0
2022-01-18 18:21:08.505184,0.0,0.0,0.0
2022-01-18 18:21:09.001878,0.0,0.0,0.0
2022-01-18 18:21:09.507492,0.0,0.0,0.0
2022-01-18 18:21:10.004012,0.0,0.0,0.0
2022-01-18 18:21:10.507739,0.0,0.0,0.0
2022-01-18 18:21:11.004120,0.0,0.0,0.0
2022-01-18 18:21:11.508784,0.0,0.0,0.0
2022-01-18 18:21:12.004249,0.0,0.0,0.0
2022-01-18 18:21:12.510839,0.0,0.0,0.0
2022-01-18 18:21:13.005264,0.0,0.0,0.0
2022-01-18 18:21:13.510272,0.0,0.0,0.0
2022-01-18 18:21:14.005085,0.0,0.0,0.0
2022-01-18 18:21:14.509987,0.0,0.0,0.0
2022-01-18 18:21:15.004042,0.0,0.0,0.0
2022-01-18 18:21:15.505910,0.0,0.0,0.0
2022-01-18 18:21:16.001524,0.0,0.0,0.0
2022-01-18 18:21:16.503954,0.0,0.0,0.0
2022-01-18 18:21:17.002229,0.0,0.0,0.0
2022-01-18 18:21:17.505264,0.0,0.0,0.0
2022-01-18 18:21:18.008718,0.0,0.0,0.0
2022-01-18 18:21:18.501561,0.0,0.0,0.0
2022-01-18 18:21:19.009998,0.0,0.0,0.0
2022-01-18 18:21:19.504522,0.0,0.0,0.0
2022-01-18 18:21:20.010983,0.0,0.0,0.0
2022-01-18 18:21:20.504565,0.0,0.0,0.0
2022-01-18 18:21:21.010335,0.0,0.0,0.0
2022-01-18 18:21:21.504630,0.0,0.0,0.0
2022-01-18 18:21:22.009735,0.0,0.0,0.0
2022-01-18 18:21:22.503289,0.0,0.0,0.0
2022-01-18 18:21:23.001895,0.0,0.0,0.0
2022-01-18 18:21:23.506562,0.0,0.0,0.0
2022-01-18 18:21:24.003942,0.0,0.0,0.0
2022-01-18 18:21:24.506487,0.0,0.0,0.0
2022-01-18 18:21:25.002876,0.0,0.0,0.0
2022-01-18 18:21:25.510660,0.0,0.0,0.0
2022-01-18 18:21:26.006447,0.0,0.0,0.0
2022-01-18 18:21:26.508866,0.0,0.0,0.0
2022-01-18 18:21:27.006897,0.0,0.0,0.0
2022-01-18 18:21:27.509971,0.0,0.0,0.0
2022-01-18 18:21:28.005708,0.0,0.0,0.0
2022-01-18 18:21:28.511226,0.0,0.0,0.0
2022-01-18 18:21:29.006748,0.0,0.0,0.0
2022-01-18 18:21:29.510152,0.0,0.0,0.0
2022-01-18 18:21:30.006326,0.0,0.0,0.0
2022-01-18 18:21:30.506857,0.0,0.0,0.0
2022-01-18 18:21:31.004452,0.0,0.0,0.0
2022-01-18 18:21:31.508662,0.0,0.0,0.0
2022-01-18 18:21:32.006363,0.0,0.0,0.0
2022-01-18 18:21:32.509126,0.0,0.0,0.0
2022-01-18 18:21:33.008111,0.0,0.0,0.0
2022-01-18 18:21:33.500854,0.0,0.0,0.0
2022-01-18 18:21:34.003856,0.0,0.0,0.0
2022-01-18 18:21:34.507828,0.0,0.0,0.0
2022-01-18 18:21:35.002349,0.0,0.0,0.0
2022-01-18 18:21:35.507260,0.0,0.0,0.0
2022-01-18 18:21:36.005495,0.0,0.0,0.0
2022-01-18 18:21:36.509950,0.0,0.0,0.0
2022-01-18 18:21:37.010813,0.0,0.0,0.0
2022-01-18 18:21:37.506389,0.0,0.0,0.0
2022-01-18 18:21:38.009022,0.0,0.0,0.0
2022-01-18 18:21:38.510686,0.0,0.0,0.0
2022-01-18 18:21:39.004520,0.0,0.0,0.0
2022-01-18 18:21:39.508766,0.0,0.0,0.0
2022-01-18 18:21:40.002331,0.0,0.0,0.0
2022-01-18 18:21:40.505939,0.0,0.0,0.0
2022-01-18 18:21:41.011374,0.0,0.0,0.0
2022-01-18 18:21:41.506819,0.0,0.0,0.0
2022-01-18 18:21:42.009926,0.0,0.0,0.0
2022-01-18 18:21:42.504495,0.0,0.0,0.0
2022-01-18 18:21:43.009141,0.0,0.0,0.0
2022-01-18 18:21:43.510329,0.0,0.0,0.0
2022-01-18 18:21:44.005168,0.0,0.0,0.0
2022-01-18 18:21:44.509486,0.0,0.0,0.0
2022-01-18 18:21:45.003742,0.0,0.0,0.0
2022-01-18 18:21:45.508009,0.0,0.0,0.0
2022-01-18 18:21:46.003897,0.0,0.0,0.0
2022-01-18 18:21:46.505767,0.0,0.0,0.0
2022-01-18 18:21:47.010198,0.0,0.0,0.0
2022-01-18 18:21:47.501884,0.0,0.0,0.0
2022-01-18 18:21:48.003668,0.0,0.0,0.0
2022-01-18 18:21:48.504906,0.0,0.0,0.0
2022-01-18 18:21:49.007494,0.0,0.0,0.0
2022-01-18 18:21:50.004262,0.0,0.0,0.0
2022-01-18 18:21:50.507099,0.0,0.0,0.0
2022-01-18 18:21:51.004333,0.0,0.0,0.0
2022-01-18 18:21:51.508361,0.0,0.0,0.0
2022-01-18 18:21:52.003384,0.0,0.0,0.0
2022-01-18 18:21:52.509475,0.0,0.0,0.0
2022-01-18 18:21:53.006457,0.0,0.0,0.0
2022-01-18 18:21:53.501139,0.0,0.0,0.0
2022-01-18 18:21:54.006269,0.0,0.0,0.0
2022-01-18 18:21:54.509801,0.0,0.0,0.0
2022-01-18 18:21:55.003734,0.0,0.0,0.0
2022-01-18 18:21:55.506697,0.0,0.0,0.0
2022-01-18 18:21:56.003271,0.0,0.0,0.0
2022-01-18 18:21:56.505805,0.0,0.0,0.0
2022-01-18 18:21:57.001980,0.0,0.0,0.0
2022-01-18 18:21:57.507311,0.0,0.0,0.0
2022-01-18 18:21:58.001854,0.0,0.0,0.0
2022-01-18 18:21:58.504989,0.0,0.0,0.0
2022-01-18 18:21:59.001210,0.0,0.0,0.0
2022-01-18 18:21:59.503940,0.0,0.0,0.0
2022-01-18 18:22:00.009317,0.0,0.0,0.0
2022-01-18 18:22:00.511324,0.0,0.0,0.0
2022-01-18 18:22:01.007415,0.0,0.0,0.0
2022-01-18 18:22:01.508810,0.0,0.0,0.0
2022-01-18 18:22:02.005079,0.0,0.0,0.0
2022-01-18 18:22:02.507450,0.0,0.0,0.0
2022-01-18 18:22:03.004081,0.0,0.0,0.0
2022-01-18 18:22:03.506811,0.0,0.0,0.0
2022-01-18 18:22:04.003512,0.0,0.0,0.0
2022-01-18 18:22:04.504580,0.0,0.0,0.0
2022-01-18 18:22:05.006659,0.0,0.0,0.0
2022-01-18 18:22:05.504097,0.0,0.0,0.0
2022-01-18 18:22:06.006145,0.0,0.0,0.0
2022-01-18 18:22:06.500997,0.0,0.0,0.0
2022-01-18 18:22:07.003252,0.0,0.0,0.0
2022-01-18 18:22:07.508369,0.0,0.0,0.0
2022-01-18 18:22:08.000688,0.0,0.0,0.0
2022-01-18 18:22:08.501934,0.0,0.0,0.0
2022-01-18 18:22:09.004242,0.0,0.0,0.0
2022-01-18 18:22:09.502019,0.0,0.0,0.0
2022-01-18 18:22:10.002223,0.0,0.0,0.0
2022-01-18 18:22:10.504207,0.0,0.0,0.0
2022-01-18 18:22:11.007220,0.0,0.0,0.0
2022-01-18 18:22:11.507881,0.0,0.0,0.0
2022-01-18 18:22:12.010617,0.0,0.0,0.0
2022-01-18 18:22:12.507772,0.0,0.0,0.0
2022-01-18 18:22:13.001424,0.0,0.0,0.0
2022-01-18 18:22:13.501302,0.0,0.0,0.0
2022-01-18 18:22:14.004718,0.0,0.0,0.0
2022-01-18 18:22:14.509109,0.0,0.0,0.0
2022-01-18 18:22:15.006264,0.0,0.0,0.0
2022-01-18 18:22:15.510893,0.0,0.0,0.0
2022-01-18 18:22:16.006916,0.0,0.0,0.0
2022-01-18 18:22:16.502225,0.0,0.0,0.0
2022-01-18 18:22:17.009144,0.0,0.0,0.0
2022-01-18 18:22:17.502658,0.0,0.0,0.0
2022-01-18 18:22:18.007793,0.0,0.0,0.0
2022-01-18 18:22:18.508481,0.0,0.0,0.0
2022-01-18 18:22:19.010068,0.0,0.0,0.0
2022-01-18 18:22:19.502345,0.0,0.0,0.0
2022-01-18 18:22:20.008686,0.0,0.0,0.0
2022-01-18 18:22:20.507761,0.0,0.0,0.0
2022-01-18 18:22:21.003278,0.0,0.0,0.0
2022-01-18 18:22:21.505558,0.0,0.0,0.0
2022-01-18 18:22:22.009908,0.0,0.0,0.0
2022-01-18 18:22:22.507509,0.0,0.0,0.0
2022-01-18 18:22:23.002719,0.0,0.0,0.0
2022-01-18 18:22:23.505871,0.0,0.0,0.0
2022-01-18 18:22:24.010683,0.0,0.0,0.0
2022-01-18 18:22:24.504140,0.0,0.0,0.0
2022-01-18 18:22:25.010118,0.0,0.0,0.0
2022-01-18 18:22:25.502535,0.0,0.0,0.0
2022-01-18 18:22:26.007509,0.0,0.0,0.0
2022-01-18 18:22:26.509925,0.0,0.0,0.0
2022-01-18 18:22:27.001094,0.0,0.0,0.0
2022-01-18 18:22:27.503101,0.0,0.0,0.0
2022-01-18 18:22:28.007808,0.0,0.0,0.0
2022-01-18 18:22:28.510056,0.0,0.0,0.0
2022-01-18 18:22:29.006626,0.0,0.0,0.0
2022-01-18 18:22:29.502683,0.0,0.0,0.0
2022-01-18 18:22:30.007207,0.0,0.0,0.0
2022-01-18 18:22:30.503061,0.0,0.0,0.0
2022-01-18 18:22:31.008410,0.0,0.0,0.0
2022-01-18 18:22:31.501245,0.0,0.0,0.0
2022-01-18 18:22:32.007148,0.0,0.0,0.0
2022-01-18 18:22:32.504698,0.0,0.0,0.0
2022-01-18 18:22:33.004027,0.0,0.0,0.0
2022-01-18 18:22:33.506416,0.0,0.0,0.0
2022-01-18 18:22:34.003416,0.0,0.0,0.0
2022-01-18 18:22:34.507347,0.0,0.0,0.0
2022-01-18 18:22:35.002227,0.0,0.0,0.0
2022-01-18 18:22:35.505786,0.0,0.0,0.0
2022-01-18 18:22:36.002188,0.0,0.0,0.0
2022-01-18 18:22:36.506290,0.0,0.0,0.0
2022-01-18 18:22:37.002665,0.0,0.0,0.0
2022-01-18 18:22:37.507020,0.0,0.0,0.0
2022-01-18 18:22:38.005184,0.0,0.0,0.0
2022-01-18 18:22:38.510887,0.0,0.0,0.0
2022-01-18 18:22:39.007954,0.0,0.0,0.0
2022-01-18 18:22:39.503128,0.0,0.0,0.0
2022-01-18 18:22:40.011045,0.0,0.0,0.0
2022-01-18 18:22:40.502900,0.0,0.0,0.0
2022-01-18 18:22:41.010298,0.0,0.0,0.0
2022-01-18 18:22:41.504153,0.0,0.0,0.0
2022-01-18 18:22:42.008612,0.0,0.0,0.0
2022-01-18 18:22:42.511255,0.0,0.0,0.0
2022-01-18 18:22:43.008371,0.0,0.0,0.0
2022-01-18 18:22:43.508716,0.0,0.0,0.0
2022-01-18 18:22:44.010610,0.0,0.0,0.0
2022-01-18 18:22:44.502769,0.0,0.0,0.0
2022-01-18 18:22:45.010273,0.0,0.0,0.0
2022-01-18 18:22:45.502923,0.0,0.0,0.0
2022-01-18 18:22:46.010742,0.0,0.0,0.0
2022-01-18 18:22:46.501561,0.0,0.0,0.0
2022-01-18 18:22:47.008550,0.0,0.0,0.0
2022-01-18 18:22:47.510630,0.0,0.0,0.0
2022-01-18 18:22:48.006463,0.0,0.0,0.0
2022-01-18 18:22:48.509506,0.0,0.0,0.0
2022-01-18 18:22:49.005179,0.0,0.0,0.0
2022-01-18 18:22:49.507923,0.0,0.0,0.0
2022-01-18 18:22:50.006854,0.0,0.0,0.0
2022-01-18 18:22:50.508729,0.0,0.0,0.0
2022-01-18 18:22:51.006799,0.0,0.0,0.0
2022-01-18 18:22:51.502254,0.0,0.0,0.0
2022-01-18 18:22:52.010931,0.0,0.0,0.0
2022-01-18 18:22:52.502817,0.0,0.0,0.0
2022-01-18 18:22:53.006601,0.0,0.0,0.0
2022-01-18 18:22:53.501735,0.0,0.0,0.0
2022-01-18 18:22:54.009284,0.0,0.0,0.0
2022-01-18 18:22:54.503362,0.0,0.0,0.0
2022-01-18 18:22:55.010363,0.0,0.0,0.0
2022-01-18 18:22:55.502795,0.0,0.0,0.0
2022-01-18 18:22:56.002461,0.0,0.0,0.0
2022-01-18 18:22:56.507143,0.0,0.0,0.0
2022-01-18 18:22:57.002600,0.0,0.0,0.0
2022-01-18 18:22:57.506956,0.0,0.0,0.0
2022-01-18 18:22:58.505218,0.0,0.0,0.0
2022-01-18 18:22:59.008352,0.0,0.0,0.0
2022-01-18 18:22:59.502002,0.0,0.0,0.0
2022-01-18 18:23:00.007537,0.0,0.0,0.0
2022-01-18 18:23:00.502624,0.0,0.0,0.0
2022-01-18 18:23:01.010301,0.0,0.0,0.0
2022-01-18 18:23:01.504085,0.0,0.0,0.0
2022-01-18 18:23:02.007378,0.0,0.0,0.0
2022-01-18 18:23:02.510830,0.0,0.0,0.0
2022-01-18 18:23:03.004242,0.0,0.0,0.0
2022-01-18 18:23:03.507473,0.0,0.0,0.0
2022-01-18 18:23:04.003937,0.0,0.0,0.0
2022-01-18 18:23:04.510224,0.0,0.0,0.0
2022-01-18 18:23:05.005084,0.0,0.0,0.0
2022-01-18 18:23:05.509611,0.0,0.0,0.0
2022-01-18 18:23:06.003851,0.0,0.0,0.0
2022-01-18 18:23:06.506713,0.0,0.0,0.0
2022-01-18 18:23:07.001621,0.0,0.0,0.0
2022-01-18 18:23:07.504282,0.0,0.0,0.0
2022-01-18 18:23:08.009929,0.0,0.0,0.0
2022-01-18 18:23:08.504112,0.0,0.0,0.0
2022-01-18 18:23:09.008452,0.0,0.0,0.0
2022-01-18 18:23:09.501950,0.0,0.0,0.0
2022-01-18 18:23:10.004890,0.0,0.0,0.0
2022-01-18 18:23:10.510500,0.0,0.0,0.0
2022-01-18 18:23:11.003941,0.0,0.0,0.0
2022-01-18 18:23:11.508848,0.0,0.0,0.0
2022-01-18 18:23:12.004874,0.0,0.0,0.0
2022-01-18 18:23:12.510384,0.0,0.0,0.0
2022-01-18 18:23:13.005486,0.0,0.0,0.0
2022-01-18 18:23:13.502373,0.0,0.0,0.0
2022-01-18 18:23:14.009693,0.0,0.0,0.0
2022-01-18 18:23:14.502371,0.0,0.0,0.0
2022-01-18 18:23:15.008950,0.0,0.0,0.0
2022-01-18 18:23:15.503819,0.0,0.0,0.0
2022-01-18 18:23:16.008970,0.0,0.0,0.0
2022-01-18 18:23:16.501370,0.0,0.0,0.0
2022-01-18 18:23:17.006107,0.0,0.0,0.0
2022-01-18 18:23:17.508393,0.0,0.0,0.0
2022-01-18 18:23:18.004227,0.0,0.0,0.0
2022-01-18 18:23:18.506590,0.0,0.0,0.0
2022-01-18 18:23:19.003839,0.0,0.0,0.0
2022-01-18 18:23:19.507274,0.0,0.0,0.0
2022-01-18 18:23:20.004574,0.0,0.0,0.0
2022-01-18 18:23:20.506860,0.0,0.0,0.0
2022-01-18 18:23:21.002808,0.0,0.0,0.0
2022-01-18 18:23:21.505725,0.0,0.0,0.0
2022-01-18 18:23:22.002205,0.0,0.0,0.0
2022-01-18 18:23:22.505752,0.0,0.0,0.0
2022-01-18 18:23:23.003696,0.0,0.0,0.0
2022-01-18 18:23:23.509414,0.0,0.0,0.0
2022-01-18 18:23:24.005784,0.0,0.0,0.0
2022-01-18 18:23:24.507933,0.0,0.0,0.0
2022-01-18 18:23:25.004375,0.0,0.0,0.0
2022-01-18 18:23:25.505232,0.0,0.0,0.0
2022-01-18 18:23:26.010799,0.0,0.0,0.0
2022-01-18 18:23:26.502045,0.0,0.0,0.0
2022-01-18 18:23:27.011660,0.0,0.0,0.0
2022-01-18 18:23:27.505132,0.0,0.0,0.0
2022-01-18 18:23:28.007772,0.0,0.0,0.0
2022-01-18 18:23:28.507720,0.0,0.0,0.0
2022-01-18 18:23:29.001106,0.0,0.0,0.0
2022-01-18 18:23:29.505169,0.0,0.0,0.0
2022-01-18 18:23:30.010760,0.0,0.0,0.0
2022-01-18 18:23:30.503404,0.0,0.0,0.0
2022-01-18 18:23:31.006389,0.0,0.0,0.0
2022-01-18 18:23:31.504004,0.0,0.0,0.0
2022-01-18 18:23:32.008572,0.0,0.0,0.0
2022-01-18 18:23:32.509042,0.0,0.0,0.0
2022-01-18 18:23:33.003651,0.0,0.0,0.0
2022-01-18 18:23:33.506960,0.0,0.0,0.0
2022-01-18 18:23:34.002874,0.0,0.0,0.0
2022-01-18 18:23:34.505911,0.0,0.0,0.0
2022-01-18 18:23:35.011119,0.0,0.0,0.0
2022-01-18 18:23:35.506410,0.0,0.0,0.0
2022-01-18 18:23:36.009440,0.0,0.0,0.0
2022-01-18 18:23:36.501679,0.0,0.0,0.0
2022-01-18 18:23:37.006768,0.0,0.0,0.0
2022-01-18 18:23:37.510735,0.0,0.0,0.0
2022-01-18 18:23:38.003781,0.0,0.0,0.0
2022-01-18 18:23:38.507485,0.0,0.0,0.0
2022-01-18 18:23:39.004200,0.0,0.0,0.0
2022-01-18 18:23:39.509523,0.0,0.0,0.0
2022-01-18 18:23:40.002916,0.0,0.0,0.0
2022-01-18 18:23:40.509283,0.0,0.0,0.0
2022-01-18 18:23:41.003478,0.0,0.0,0.0
2022-01-18 18:23:41.505029,0.0,0.0,0.0
2022-01-18 18:23:42.010849,0.0,0.0,0.0
2022-01-18 18:23:42.502986,0.0,0.0,0.0
2022-01-18 18:23:43.007563,0.0,0.0,0.0
2022-01-18 18:23:43.502584,0.0,0.0,0.0
2022-01-18 18:23:44.008054,0.0,0.0,0.0
2022-01-18 18:23:44.501831,0.0,0.0,0.0
2022-01-18 18:23:45.006329,0.0,0.0,0.0
2022-01-18 18:23:45.509956,0.0,0.0,0.0
2022-01-18 18:23:46.004367,0.0,0.0,0.0
2022-01-18 18:23:46.509254,0.0,0.0,0.0
2022-01-18 18:23:47.005326,0.0,0.0,0.0
2022-01-18 18:23:47.508606,0.0,0.0,0.0
2022-01-18 18:23:48.004266,0.0,0.0,0.0
2022-01-18 18:23:48.508411,0.0,0.0,0.0
2022-01-18 18:23:49.002430,0.0,0.0,0.0
2022-01-18 18:23:49.503823,0.0,0.0,0.0
2022-01-18 18:23:50.009874,0.0,0.0,0.0
2022-01-18 18:23:50.502186,0.0,0.0,0.0
2022-01-18 18:23:51.008971,0.0,0.0,0.0
2022-01-18 18:23:51.503209,0.0,0.0,0.0
2022-01-18 18:23:52.001810,0.0,0.0,0.0
2022-01-18 18:23:52.503907,0.0,0.0,0.0
2022-01-18 18:23:53.009683,0.0,0.0,0.0
2022-01-18 18:23:53.502915,0.0,0.0,0.0
2022-01-18 18:23:54.009654,0.0,0.0,0.0
2022-01-18 18:23:54.504165,0.0,0.0,0.0
2022-01-18 18:23:55.008806,0.0,0.0,0.0
2022-01-18 18:23:56.005680,0.0,0.0,0.0
2022-01-18 18:23:56.510275,0.0,0.0,0.0
2022-01-18 18:23:57.004593,0.0,0.0,0.0
2022-01-18 18:23:57.505353,0.0,0.0,0.0
2022-01-18 18:23:58.002868,0.0,0.0,0.0
2022-01-18 18:23:58.508772,0.0,0.0,0.0
2022-01-18 18:23:59.002911,0.0,0.0,0.0
2022-01-18 18:23:59.505308,0.0,0.0,0.0
2022-01-18 18:24:00.001847,0.0,0.0,0.0
2022-01-18 18:24:00.505557,0.0,0.0,0.0
2022-01-18 18:24:01.003140,0.0,0.0,0.0
2022-01-18 18:24:01.507311,0.0,0.0,0.0
2022-01-18 18:24:02.002587,0.0,0.0,0.0
2022-01-18 18:24:02.503031,0.0,0.0,0.0
2022-01-18 18:24:03.010783,0.0,0.0,0.0
2022-01-18 18:24:03.501778,0.0,0.0,0.0
2022-01-18 18:24:04.007958,0.0,0.0,0.0
2022-01-18 18:24:04.509351,0.0,0.0,0.0
2022-01-18 18:24:05.006506,0.0,0.0,0.0
2022-01-18 18:24:05.510748,0.0,0.0,0.0
2022-01-18 18:24:06.006983,0.0,0.0,0.0
2022-01-18 18:24:06.502095,0.0,0.0,0.0
2022-01-18 18:24:07.007764,0.0,0.0,0.0
2022-01-18 18:24:07.509665,0.0,0.0,0.0
2022-01-18 18:24:08.003427,0.0,0.0,0.0
2022-01-18 18:24:08.506705,0.0,0.0,0.0
2022-01-18 18:24:09.003316,0.0,0.0,0.0
2022-01-18 18:24:09.504622,0.0,0.0,0.0
2022-01-18 18:24:10.009897,0.0,0.0,0.0
2022-01-18 18:24:10.502638,0.0,0.0,0.0
2022-01-18 18:24:11.008043,0.0,0.0,0.0
2022-01-18 18:24:11.502215,0.0,0.0,0.0
2022-01-18 18:24:12.006891,0.0,0.0,0.0
2022-01-18 18:24:12.509052,0.0,0.0,0.0
2022-01-18 18:24:13.005143,0.0,0.0,0.0
2022-01-18 18:24:13.508326,0.0,0.0,0.0
2022-01-18 18:24:14.005801,0.0,0.0,0.0
2022-01-18 18:24:14.509107,0.0,0.0,0.0
2022-01-18 18:24:15.007348,0.0,0.0,0.0
2022-01-18 18:24:15.502313,0.0,0.0,0.0
2022-01-18 18:24:16.004986,0.0,0.0,0.0
2022-01-18 18:24:16.506078,0.0,0.0,0.0
2022-01-18 18:24:17.008375,0.0,0.0,0.0
2022-01-18 18:24:17.506309,0.0,0.0,0.0
2022-01-18 18:24:18.009472,0.0,0.0,0.0
2022-01-18 18:24:18.507427,0.0,0.0,0.0
2022-01-18 18:24:19.001245,0.0,0.0,0.0
2022-01-18 18:24:19.509305,0.0,0.0,0.0
2022-01-18 18:24:20.005877,0.0,0.0,0.0
2022-01-18 18:24:20.506047,0.0,0.0,0.0
2022-01-18 18:24:21.010543,0.0,0.0,0.0
2022-01-18 18:24:21.501476,0.0,0.0,0.0
2022-01-18 18:24:22.005277,0.0,0.0,0.0
2022-01-18 18:24:22.509140,0.0,0.0,0.0
2022-01-18 18:24:23.002928,0.0,0.0,0.0
2022-01-18 18:24:23.509856,0.0,0.0,0.0
2022-01-18 18:24:24.004042,0.0,0.0,0.0
2022-01-18 18:24:24.507626,0.0,0.0,0.0
2022-01-18 18:24:25.002458,0.0,0.0,0.0
2022-01-18 18:24:25.501680,0.0,0.0,0.0
2022-01-18 18:24:26.007092,0.0,0.0,0.0
2022-01-18 18:24:26.507162,0.0,0.0,0.0
2022-01-18 18:24:27.003785,0.0,0.0,0.0
2022-01-18 18:24:27.506354,0.0,0.0,0.0
2022-01-18 18:24:28.001123,0.0,0.0,0.0
2022-01-18 18:24:28.509655,0.0,0.0,0.0
2022-01-18 18:24:29.005685,0.0,0.0,0.0
2022-01-18 18:24:29.503961,0.0,0.0,0.0
2022-01-18 18:24:30.007170,0.0,0.0,0.0
2022-01-18 18:24:30.502861,0.0,0.0,0.0
2022-01-18 18:24:31.006250,0.0,0.0,0.0
2022-01-18 18:24:31.503995,0.0,0.0,0.0
2022-01-18 18:24:32.008571,0.0,0.0,0.0
2022-01-18 18:24:32.508355,0.0,0.0,0.0
2022-01-18 18:24:33.004762,0.0,0.0,0.0
2022-01-18 18:24:33.504130,0.0,0.0,0.0
2022-01-18 18:24:34.004843,0.0,0.0,0.0
2022-01-18 18:24:34.502535,0.0,0.0,0.0
2022-01-18 18:24:35.006540,0.0,0.0,0.0
2022-01-18 18:24:35.509800,0.0,0.0,0.0
2022-01-18 18:24:36.003160,0.0,0.0,0.0
2022-01-18 18:24:36.504771,0.0,0.0,0.0
2022-01-18 18:24:37.008802,0.0,0.0,0.0
2022-01-18 18:24:37.510314,0.0,0.0,0.0
2022-01-18 18:24:38.001711,0.0,0.0,0.0
2022-01-18 18:24:38.501859,0.0,0.0,0.0
2022-01-18 18:24:39.001344,0.0,0.0,0.0
2022-01-18 18:24:39.510861,0.0,0.0,0.0
2022-01-18 18:24:40.006468,0.0,0.0,0.0
2022-01-18 18:24:40.502240,0.0,0.0,0.0
2022-01-18 18:24:41.009693,0.0,0.0,0.0
2022-01-18 18:24:41.503875,0.0,0.0,0.0
2022-01-18 18:24:42.001823,0.0,0.0,0.0
2022-01-18 18:24:42.502000,0.0,0.0,0.0
2022-01-18 18:24:43.005508,0.0,0.0,0.0
2022-01-18 18:24:43.503534,0.0,0.0,0.0
2022-01-18 18:24:44.004076,0.0,0.0,0.0
2022-01-18 18:24:44.506038,0.0,0.0,0.0
2022-01-18 18:24:45.009173,0.0,0.0,0.0
2022-01-18 18:24:45.502614,0.0,0.0,0.0
2022-01-18 18:24:46.006297,0.0,0.0,0.0
2022-01-18 18:24:46.509507,0.0,0.0,0.0
2022-01-18 18:24:47.002281,0.0,0.0,0.0
2022-01-18 18:24:47.508626,0.0,0.0,0.0
2022-01-18 18:24:48.001190,0.0,0.0,0.0
2022-01-18 18:24:48.509745,0.0,0.0,0.0
2022-01-18 18:24:49.005078,0.0,0.0,0.0
2022-01-18 18:24:49.508165,0.0,0.0,0.0
2022-01-18 18:24:50.007329,0.0,0.0,0.0
2022-01-18 18:24:50.501865,0.0,0.0,0.0
2022-01-18 18:24:51.010679,0.0,0.0,0.0
2022-01-18 18:24:51.505628,0.0,0.0,0.0
2022-01-18 18:24:52.002777,0.0,0.0,0.0
2022-01-18 18:24:52.507260,0.0,0.0,0.0
2022-01-18 18:24:53.004194,0.0,0.0,0.0
2022-01-18 18:24:53.506864,0.0,0.0,0.0
2022-01-18 18:24:54.002877,0.0,0.0,0.0
2022-01-18 18:24:54.507674,0.0,0.0,0.0
2022-01-18 18:24:55.002787,0.0,0.0,0.0
2022-01-18 18:24:55.502606,0.0,0.0,0.0
2022-01-18 18:24:56.009496,0.0,0.0,0.0
2022-01-18 18:24:56.504585,0.0,0.0,0.0
2022-01-18 18:24:57.003485,0.0,0.0,0.0
2022-01-18 18:24:57.508583,0.0,0.0,0.0
2022-01-18 18:24:58.006067,0.0,0.0,0.0
2022-01-18 18:24:58.503508,0.0,0.0,0.0
2022-01-18 18:24:59.008741,0.0,0.0,0.0
2022-01-18 18:24:59.501098,0.0,0.0,0.0
2022-01-18 18:25:00.009258,0.0,0.0,0.0
2022-01-18 18:25:00.501491,0.0,0.0,0.0
2022-01-18 18:25:01.001301,0.0,0.0,0.0
2022-01-18 18:25:01.505197,0.0,0.0,0.0
2022-01-18 18:25:02.004028,0.0,0.0,0.0
2022-01-18 18:25:02.508400,0.0,0.0,0.0
2022-01-18 18:25:03.007976,0.0,0.0,0.0
2022-01-18 18:25:03.504099,0.0,0.0,0.0
2022-01-18 18:25:04.002905,0.0,0.0,0.0
2022-01-18 18:25:04.506383,0.0,0.0,0.0
2022-01-18 18:25:05.003012,0.0,0.0,0.0
2022-01-18 18:25:05.509278,0.0,0.0,0.0
2022-01-18 18:25:06.002806,0.0,0.0,0.0
2022-01-18 18:25:06.508335,0.0,0.0,0.0
2022-01-18 18:25:07.006143,0.0,0.0,0.0
2022-01-18 18:25:07.502017,0.0,0.0,0.0
2022-01-18 18:25:08.010283,0.0,0.0,0.0
2022-01-18 18:25:08.507569,0.0,0.0,0.0
2022-01-18 18:25:09.006173,0.0,0.0,0.0
2022-01-18 18:25:09.501169,0.0,0.0,0.0
2022-01-18 18:25:10.010202,0.0,0.0,0.0
2022-01-18 18:25:10.504387,0.0,0.0,0.0
2022-01-18 18:25:11.004131,0.0,0.0,0.0
2022-01-18 18:25:11.509138,0.0,0.0,0.0
2022-01-18 18:25:12.006512,0.0,0.0,0.0
2022-01-18 18:25:12.501139,0.0,0.0,0.0
2022-01-18 18:25:13.009715,0.0,0.0,0.0
2022-01-18 18:25:13.505106,0.0,0.0,0.0
2022-01-18 18:25:14.003736,0.0,0.0,0.0
2022-01-18 18:25:14.509695,0.0,0.0,0.0
2022-01-18 18:25:15.006817,0.0,0.0,0.0
2022-01-18 18:25:15.503947,0.0,0.0,0.0
2022-01-18 18:25:16.002169,0.0,0.0,0.0
2022-01-18 18:25:16.506235,0.0,0.0,0.0
2022-01-18 18:25:17.002566,0.0,0.0,0.0
2022-01-18 18:25:17.509558,0.0,0.0,0.0
2022-01-18 18:25:18.007508,0.0,0.0,0.0
2022-01-18 18:25:18.510143,0.0,0.0,0.0
2022-01-18 18:25:19.010977,0.0,0.0,0.0
2022-01-18 18:25:19.505094,0.0,0.0,0.0
2022-01-18 18:25:20.004200,0.0,0.0,0.0
2022-01-18 18:25:20.509037,0.0,0.0,0.0
2022-01-18 18:25:21.006823,0.0,0.0,0.0
2022-01-18 18:25:21.509496,0.0,0.0,0.0
2022-01-18 18:25:22.006712,0.0,0.0,0.0
2022-01-18 18:25:22.510369,0.0,0.0,0.0
2022-01-18 18:25:23.006893,0.0,0.0,0.0
2022-01-18 18:25:23.502671,0.0,0.0,0.0
2022-01-18 18:25:24.010195,0.0,0.0,0.0
2022-01-18 18:25:24.506763,0.0,0.0,0.0
2022-01-18 18:25:25.004447,0.0,0.0,0.0
2022-01-18 18:25:25.509717,0.0,0.0,0.0
2022-01-18 18:25:26.006702,0.0,0.0,0.0
2022-01-18 18:25:26.501178,0.0,0.0,0.0
2022-01-18 18:25:27.009185,0.0,0.0,0.0
2022-01-18 18:25:27.503776,0.0,0.0,0.0
2022-01-18 18:25:28.001423,0.0,0.0,0.0
2022-01-18 18:25:28.509294,0.0,0.0,0.0
2022-01-18 18:25:29.009376,0.0,0.0,0.0
2022-01-18 18:25:29.504215,0.0,0.0,0.0
2022-01-18 18:25:30.001216,0.0,0.0,0.0
2022-01-18 18:25:30.505698,0.0,0.0,0.0
2022-01-18 18:25:31.004049,0.0,0.0,0.0
2022-01-18 18:25:31.510584,0.0,0.0,0.0
2022-01-18 18:25:32.009393,0.0,0.0,0.0
2022-01-18 18:25:32.504959,0.0,0.0,0.0
2022-01-18 18:25:33.003152,0.0,0.0,0.0
2022-01-18 18:25:33.510904,0.0,0.0,0.0
2022-01-18 18:25:34.007587,0.0,0.0,0.0
2022-01-18 18:25:34.501944,0.0,0.0,0.0
2022-01-18 18:25:35.009900,0.0,0.0,0.0
2022-01-18 18:25:35.505364,0.0,0.0,0.0
2022-01-18 18:25:36.001400,0.0,0.0,0.0
2022-01-18 18:25:36.506107,0.0,0.0,0.0
2022-01-18 18:25:37.005788,0.0,0.0,0.0
2022-01-18 18:25:37.510856,0.0,0.0,0.0
2022-01-18 18:25:38.009453,0.0,0.0,0.0
2022-01-18 18:25:38.503676,0.0,0.0,0.0
2022-01-18 18:25:39.001271,0.0,0.0,0.0
2022-01-18 18:25:39.506092,0.0,0.0,0.0
2022-01-18 18:25:40.004432,0.0,0.0,0.0
2022-01-18 18:25:40.511142,0.0,0.0,0.0
2022-01-18 18:25:41.009159,0.0,0.0,0.0
2022-01-18 18:25:41.504151,0.0,0.0,0.0
2022-01-18 18:25:42.001817,0.0,0.0,0.0
2022-01-18 18:25:42.508175,0.0,0.0,0.0
2022-01-18 18:25:43.006709,0.0,0.0,0.0
2022-01-18 18:25:43.502424,0.0,0.0,0.0
2022-01-18 18:25:44.010076,0.0,0.0,0.0
2022-01-18 18:25:44.505739,0.0,0.0,0.0
2022-01-18 18:25:45.003513,0.0,0.0,0.0
2022-01-18 18:25:45.508816,0.0,0.0,0.0
2022-01-18 18:25:46.008420,0.0,0.0,0.0
2022-01-18 18:25:46.506308,0.0,0.0,0.0
2022-01-18 18:25:47.004204,0.0,0.0,0.0
2022-01-18 18:25:47.509672,0.0,0.0,0.0
2022-01-18 18:25:48.006535,0.0,0.0,0.0
2022-01-18 18:25:48.501115,0.0,0.0,0.0
2022-01-18 18:25:49.008689,0.0,0.0,0.0
2022-01-18 18:25:49.503853,0.0,0.0,0.0
2022-01-18 18:25:50.010812,0.0,0.0,0.0
2022-01-18 18:25:50.507721,0.0,0.0,0.0
2022-01-18 18:25:51.007736,0.0,0.0,0.0
2022-01-18 18:25:51.501199,0.0,0.0,0.0
2022-01-18 18:25:52.008555,0.0,0.0,0.0
2022-01-18 18:25:52.504660,0.0,0.0,0.0
2022-01-18 18:25:53.002502,0.0,0.0,0.0
2022-01-18 18:25:53.509115,0.0,0.0,0.0
2022-01-18 18:25:54.008510,0.0,0.0,0.0
2022-01-18 18:25:54.504427,0.0,0.0,0.0
2022-01-18 18:25:55.003224,0.0,0.0,0.0
2022-01-18 18:25:55.509129,0.0,0.0,0.0
2022-01-18 18:25:56.006083,0.0,0.0,0.0
2022-01-18 18:25:56.510720,0.0,0.0,0.0
2022-01-18 18:25:57.009137,0.0,0.0,0.0
2022-01-18 18:25:57.503643,0.0,0.0,0.0
2022-01-18 18:25:58.002339,0.0,0.0,0.0
2022-01-18 18:25:58.509251,0.0,0.0,0.0
2022-01-18 18:25:59.007212,0.0,0.0,0.0
2022-01-18 18:25:59.501850,0.0,0.0,0.0
2022-01-18 18:26:00.008862,0.0,0.0,0.0
2022-01-18 18:26:00.503163,0.0,0.0,0.0
2022-01-18 18:26:01.007622,0.0,0.0,0.0
2022-01-18 18:26:01.503195,0.0,0.0,0.0
2022-01-18 18:26:02.002045,0.0,0.0,0.0
2022-01-18 18:26:02.508200,0.0,0.0,0.0
2022-01-18 18:26:03.007246,0.0,0.0,0.0
2022-01-18 18:26:03.502801,0.0,0.0,0.0
2022-01-18 18:26:04.010137,0.0,0.0,0.0
2022-01-18 18:26:04.505126,0.0,0.0,0.0
2022-01-18 18:26:05.003142,0.0,0.0,0.0
2022-01-18 18:26:05.509259,0.0,0.0,0.0
2022-01-18 18:26:06.007256,0.0,0.0,0.0
2022-01-18 18:26:06.503981,0.0,0.0,0.0
2022-01-18 18:26:07.002740,0.0,0.0,0.0
2022-01-18 18:26:07.508348,0.0,0.0,0.0
2022-01-18 18:26:08.007207,0.0,0.0,0.0
2022-01-18 18:26:08.502736,0.0,0.0,0.0
2022-01-18 18:26:09.010752,0.0,0.0,0.0
2022-01-18 18:26:09.504974,0.0,0.0,0.0
2022-01-18 18:26:10.001992,0.0,0.0,0.0
2022-01-18 18:26:10.506489,0.0,0.0,0.0
2022-01-18 18:26:11.003474,0.0,0.0,0.0
2022-01-18 18:26:11.510113,0.0,0.0,0.0
2022-01-18 18:26:12.007231,0.0,0.0,0.0
2022-01-18 18:26:12.503174,0.0,0.0,0.0
2022-01-18 18:26:13.002221,0.0,0.0,0.0
2022-01-18 18:26:13.507246,0.0,0.0,0.0
2022-01-18 18:26:14.006317,0.0,0.0,0.0
2022-01-18 18:26:14.501249,0.0,0.0,0.0
2022-01-18 18:26:15.009161,0.0,0.0,0.0
2022-01-18 18:26:15.505281,0.0,0.0,0.0
2022-01-18 18:26:16.002747,0.0,0.0,0.0
2022-01-18 18:26:16.507937,0.0,0.0,0.0
2022-01-18 18:26:17.007760,0.0,0.0,0.0
2022-01-18 18:26:17.502490,0.0,0.0,0.0
2022-01-18 18:26:18.010782,0.0,0.0,0.0
2022-01-18 18:26:18.506355,0.0,0.0,0.0
2022-01-18 18:26:19.003850,0.0,0.0,0.0
2022-01-18 18:26:19.509313,0.0,0.0,0.0
2022-01-18 18:26:20.006999,0.0,0.0,0.0
2022-01-18 18:26:20.504143,0.0,0.0,0.0
2022-01-18 18:26:21.002998,0.0,0.0,0.0
2022-01-18 18:26:21.509918,0.0,0.0,0.0
2022-01-18 18:26:22.007926,0.0,0.0,0.0
2022-01-18 18:26:22.501536,0.0,0.0,0.0
2022-01-18 18:26:23.010767,0.0,0.0,0.0
2022-01-18 18:26:23.505666,0.0,0.0,0.0
2022-01-18 18:26:24.002719,0.0,0.0,0.0
2022-01-18 18:26:24.504062,0.0,0.0,0.0
2022-01-18 18:26:25.002259,0.0,0.0,0.0
2022-01-18 18:26:25.510235,0.0,0.0,0.0
2022-01-18 18:26:26.008812,0.0,0.0,0.0
2022-01-18 18:26:26.503658,0.0,0.0,0.0
2022-01-18 18:26:27.002504,0.0,0.0,0.0
2022-01-18 18:26:27.507158,0.0,0.0,0.0
2022-01-18 18:26:28.005936,0.0,0.0,0.0
2022-01-18 18:26:28.510757,0.0,0.0,0.0
2022-01-18 18:26:29.010290,0.0,0.0,0.0
2022-01-18 18:26:29.505347,0.0,0.0,0.0
2022-01-18 18:26:30.003412,0.0,0.0,0.0
2022-01-18 18:26:30.510687,0.0,0.0,0.0
2022-01-18 18:26:31.009232,0.0,0.0,0.0
2022-01-18 18:26:31.503092,0.0,0.0,0.0
2022-01-18 18:26:32.001041,0.0,0.0,0.0
2022-01-18 18:26:32.507379,0.0,0.0,0.0
2022-01-18 18:26:33.005082,0.0,0.0,0.0
2022-01-18 18:26:33.508222,0.0,0.0,0.0
2022-01-18 18:26:34.007210,0.0,0.0,0.0
2022-01-18 18:26:34.501750,0.0,0.0,0.0
2022-01-18 18:26:35.001056,0.0,0.0,0.0
2022-01-18 18:26:35.506709,0.0,0.0,0.0
2022-01-18 18:26:36.004259,0.0,0.0,0.0
2022-01-18 18:26:36.510473,0.0,0.0,0.0
2022-01-18 18:26:37.007014,0.0,0.0,0.0
2022-01-18 18:26:37.502301,0.0,0.0,0.0
2022-01-18 18:26:38.010449,0.0,0.0,0.0
2022-01-18 18:26:38.506304,0.0,0.0,0.0
2022-01-18 18:26:39.003058,0.0,0.0,0.0
2022-01-18 18:26:39.510240,0.0,0.0,0.0
2022-01-18 18:26:40.008197,0.0,0.0,0.0
2022-01-18 18:26:40.502880,0.0,0.0,0.0
2022-01-18 18:26:41.001292,0.0,0.0,0.0
2022-01-18 18:26:41.507853,0.0,0.0,0.0
2022-01-18 18:26:42.004562,0.0,0.0,0.0
2022-01-18 18:26:42.509685,0.0,0.0,0.0
2022-01-18 18:26:43.006764,0.0,0.0,0.0
2022-01-18 18:26:43.502774,0.0,0.0,0.0
2022-01-18 18:26:44.010382,0.0,0.0,0.0
2022-01-18 18:26:44.505067,0.0,0.0,0.0
2022-01-18 18:26:45.001262,0.0,0.0,0.0
2022-01-18 18:26:45.505148,0.0,0.0,0.0
2022-01-18 18:26:46.009804,0.0,0.0,0.0
2022-01-18 18:26:46.505430,0.0,0.0,0.0
2022-01-18 18:26:47.004056,0.0,0.0,0.0
2022-01-18 18:26:47.510352,0.0,0.0,0.0
2022-01-18 18:26:48.007984,0.0,0.0,0.0
2022-01-18 18:26:48.505646,0.0,0.0,0.0
2022-01-18 18:26:49.003454,0.0,0.0,0.0
2022-01-18 18:26:49.510713,0.0,0.0,0.0
2022-01-18 18:26:50.009113,0.0,0.0,0.0
2022-01-18 18:26:50.503064,0.0,0.0,0.0
2022-01-18 18:26:51.001477,0.0,0.0,0.0
2022-01-18 18:26:51.508279,0.0,0.0,0.0
2022-01-18 18:26:52.006524,0.0,0.0,0.0
2022-01-18 18:26:52.503855,0.0,0.0,0.0
2022-01-18 18:26:53.001458,0.0,0.0,0.0
2022-01-18 18:26:53.507388,0.0,0.0,0.0
2022-01-18 18:26:54.005545,0.0,0.0,0.0
2022-01-18 18:26:54.510657,0.0,0.0,0.0
2022-01-18 18:26:55.009288,0.0,0.0,0.0
2022-01-18 18:26:55.504076,0.0,0.0,0.0
2022-01-18 18:26:56.002565,0.0,0.0,0.0
2022-01-18 18:26:56.505176,0.0,0.0,0.0
2022-01-18 18:26:57.003698,0.0,0.0,0.0
2022-01-18 18:26:57.510080,0.0,0.0,0.0
2022-01-18 18:26:58.007405,0.0,0.0,0.0
2022-01-18 18:26:58.502592,0.0,0.0,0.0
2022-01-18 18:26:59.505234,0.0,0.0,0.0
2022-01-18 18:27:00.003713,0.0,0.0,0.0
2022-01-18 18:27:00.508554,0.0,0.0,0.0
2022-01-18 18:27:01.005113,0.0,0.0,0.0
2022-01-18 18:27:01.502624,0.0,0.0,0.0
2022-01-18 18:27:02.010063,0.0,0.0,0.0
2022-01-18 18:27:02.504572,0.0,0.0,0.0
2022-01-18 18:27:03.002715,0.0,0.0,0.0
2022-01-18 18:27:03.508621,0.0,0.0,0.0
2022-01-18 18:27:04.006025,0.0,0.0,0.0
2022-01-18 18:27:04.509312,0.0,0.0,0.0
2022-01-18 18:27:05.007950,0.0,0.0,0.0
2022-01-18 18:27:05.502405,0.0,0.0,0.0
2022-01-18 18:27:06.010638,0.0,0.0,0.0
2022-01-18 18:27:06.506764,0.0,0.0,0.0
2022-01-18 18:27:07.004797,0.0,0.0,0.0
2022-01-18 18:27:07.509347,0.0,0.0,0.0
2022-01-18 18:27:08.008435,0.0,0.0,0.0
2022-01-18 18:27:08.504201,0.0,0.0,0.0
2022-01-18 18:27:09.002811,0.0,0.0,0.0
2022-01-18 18:27:09.506988,0.0,0.0,0.0
2022-01-18 18:27:10.004898,0.0,0.0,0.0
2022-01-18 18:27:10.509946,0.0,0.0,0.0
2022-01-18 18:27:11.003345,0.0,0.0,0.0
2022-01-18 18:27:11.510722,0.0,0.0,0.0
2022-01-18 18:27:12.008486,0.0,0.0,0.0
2022-01-18 18:27:12.502439,0.0,0.0,0.0
2022-01-18 18:27:13.010702,0.0,0.0,0.0
2022-01-18 18:27:13.504749,0.0,0.0,0.0
2022-01-18 18:27:14.003835,0.0,0.0,0.0
2022-01-18 18:27:14.510631,0.0,0.0,0.0
2022-01-18 18:27:15.001201,0.0,0.0,0.0
2022-01-18 18:27:15.507036,0.0,0.0,0.0
2022-01-18 18:27:16.003967,0.0,0.0,0.0
2022-01-18 18:27:16.509969,0.0,0.0,0.0
2022-01-18 18:27:17.007463,0.0,0.0,0.0
2022-01-18 18:27:17.502494,0.0,0.0,0.0
2022-01-18 18:27:18.010624,0.0,0.0,0.0
2022-01-18 18:27:18.505468,0.0,0.0,0.0
2022-01-18 18:27:19.002678,0.0,0.0,0.0
2022-01-18 18:27:19.509248,0.0,0.0,0.0
2022-01-18 18:27:20.007276,0.0,0.0,0.0
2022-01-18 18:27:20.501799,0.0,0.0,0.0
2022-01-18 18:27:21.010229,0.0,0.0,0.0
2022-01-18 18:27:21.506575,0.0,0.0,0.0
2022-01-18 18:27:22.004488,0.0,0.0,0.0
2022-01-18 18:27:22.510301,0.0,0.0,0.0
2022-01-18 18:27:23.007800,0.0,0.0,0.0
2022-01-18 18:27:23.503680,0.0,0.0,0.0
2022-01-18 18:27:24.003276,0.0,0.0,0.0
2022-01-18 18:27:24.507410,0.0,0.0,0.0
2022-01-18 18:27:25.001258,0.0,0.0,0.0
2022-01-18 18:27:25.507037,0.0,0.0,0.0
2022-01-18 18:27:26.004958,0.0,0.0,0.0
2022-01-18 18:27:27.005483,0.0,0.0,0.0
2022-01-18 18:27:27.510745,0.0,0.0,0.0
2022-01-18 18:27:28.009742,0.0,0.0,0.0
2022-01-18 18:27:28.505161,0.0,0.0,0.0
2022-01-18 18:27:29.003775,0.0,0.0,0.0
2022-01-18 18:27:29.510433,0.0,0.0,0.0
2022-01-18 18:27:30.008947,0.0,0.0,0.0
2022-01-18 18:27:30.503479,0.0,0.0,0.0
2022-01-18 18:27:31.002390,0.0,0.0,0.0
2022-01-18 18:27:31.506772,0.0,0.0,0.0
2022-01-18 18:27:32.005500,0.0,0.0,0.0
2022-01-18 18:27:32.510261,0.0,0.0,0.0
2022-01-18 18:27:33.008242,0.0,0.0,0.0
2022-01-18 18:27:33.504797,0.0,0.0,0.0
2022-01-18 18:27:34.002688,0.0,0.0,0.0
2022-01-18 18:27:34.507293,0.0,0.0,0.0
2022-01-18 18:27:35.008935,0.0,0.0,0.0
2022-01-18 18:27:35.504111,0.0,0.0,0.0
2022-01-18 18:27:36.002386,0.0,0.0,0.0
2022-01-18 18:27:36.508531,0.0,0.0,0.0
2022-01-18 18:27:37.006164,0.0,0.0,0.0
2022-01-18 18:27:37.511177,0.0,0.0,0.0
2022-01-18 18:27:38.010616,0.0,0.0,0.0
2022-01-18 18:27:38.505840,0.0,0.0,0.0
2022-01-18 18:27:39.004253,0.0,0.0,0.0
2022-01-18 18:27:39.509120,0.0,0.0,0.0
2022-01-18 18:27:40.007258,0.0,0.0,0.0
2022-01-18 18:27:40.502287,0.0,0.0,0.0
2022-01-18 18:27:41.009399,0.0,0.0,0.0
2022-01-18 18:27:41.502282,0.0,0.0,0.0
2022-01-18 18:27:42.001746,0.0,0.0,0.0
2022-01-18 18:27:42.506739,0.0,0.0,0.0
2022-01-18 18:27:43.003914,0.0,0.0,0.0
2022-01-18 18:27:43.508761,0.0,0.0,0.0
2022-01-18 18:27:44.006490,0.0,0.0,0.0
2022-01-18 18:27:44.501513,0.0,0.0,0.0
2022-01-18 18:27:45.010813,0.0,0.0,0.0
2022-01-18 18:27:45.505415,0.0,0.0,0.0
2022-01-18 18:27:46.003713,0.0,0.0,0.0
2022-01-18 18:27:46.501069,0.0,0.0,0.0
2022-01-18 18:27:47.009254,0.0,0.0,0.0
2022-01-18 18:27:47.504393,0.0,0.0,0.0
2022-01-18 18:27:48.002352,0.0,0.0,0.0
2022-01-18 18:27:48.508505,0.0,0.0,0.0
2022-01-18 18:27:49.006668,0.0,0.0,0.0
2022-01-18 18:27:50.004913,0.0,0.0,0.0
2022-01-18 18:27:50.508019,0.0,0.0,0.0
2022-01-18 18:27:51.005265,0.0,0.0,0.0
2022-01-18 18:27:51.501416,0.0,0.0,0.0
2022-01-18 18:27:52.001184,0.0,0.0,0.0
2022-01-18 18:27:52.506714,0.0,0.0,0.0
2022-01-18 18:27:53.003446,0.0,0.0,0.0
2022-01-18 18:27:53.509789,0.0,0.0,0.0
2022-01-18 18:27:54.007319,0.0,0.0,0.0
2022-01-18 18:27:54.502565,0.0,0.0,0.0
2022-01-18 18:27:55.009321,0.0,0.0,0.0
2022-01-18 18:27:55.504594,0.0,0.0,0.0
2022-01-18 18:27:56.002694,0.0,0.0,0.0
2022-01-18 18:27:56.509478,0.0,0.0,0.0
2022-01-18 18:27:57.006687,0.0,0.0,0.0
2022-01-18 18:27:57.501883,0.0,0.0,0.0
2022-01-18 18:27:58.009997,0.0,0.0,0.0
2022-01-18 18:27:58.505825,0.0,0.0,0.0
2022-01-18 18:27:59.004026,0.0,0.0,0.0
2022-01-18 18:27:59.509964,0.0,0.0,0.0
2022-01-18 18:28:00.008274,0.0,0.0,0.0
2022-01-18 18:28:00.504074,0.0,0.0,0.0
2022-01-18 18:28:01.002536,0.0,0.0,0.0
2022-01-18 18:28:01.508586,0.0,0.0,0.0
2022-01-18 18:28:02.006254,0.0,0.0,0.0
2022-01-18 18:28:02.501637,0.0,0.0,0.0
2022-01-18 18:28:03.008914,0.0,0.0,0.0
2022-01-18 18:28:03.504225,0.0,0.0,0.0
2022-01-18 18:28:04.001803,0.0,0.0,0.0
2022-01-18 18:28:04.506789,0.0,0.0,0.0
2022-01-18 18:28:05.005194,0.0,0.0,0.0
2022-01-18 18:28:05.510192,0.0,0.0,0.0
2022-01-18 18:28:06.009690,0.0,0.0,0.0
2022-01-18 18:28:06.504874,0.0,0.0,0.0
2022-01-18 18:28:07.002027,0.0,0.0,0.0
2022-01-18 18:28:07.505121,0.0,0.0,0.0
2022-01-18 18:28:08.002129,0.0,0.0,0.0
2022-01-18 18:28:08.507415,0.0,0.0,0.0
2022-01-18 18:28:09.004146,0.0,0.0,0.0
2022-01-18 18:28:09.503490,0.0,0.0,0.0
2022-01-18 18:28:10.010391,0.0,0.0,0.0
2022-01-18 18:28:10.501393,0.0,0.0,0.0
2022-01-18 18:28:11.005085,0.0,0.0,0.0
2022-01-18 18:28:11.507064,0.0,0.0,0.0
2022-01-18 18:28:12.008647,0.0,0.0,0.0
2022-01-18 18:28:12.501623,0.0,0.0,0.0
2022-01-18 18:28:13.005504,0.0,0.0,0.0
2022-01-18 18:28:13.508033,0.0,0.0,0.0
2022-01-18 18:28:14.000864,0.0,0.0,0.0
2022-01-18 18:28:14.501626,0.0,0.0,0.0
2022-01-18 18:28:15.004941,0.0,0.0,0.0
2022-01-18 18:28:15.506139,0.0,0.0,0.0
2022-01-18 18:28:16.005554,0.0,0.0,0.0
2022-01-18 18:28:16.504698,0.0,0.0,0.0
2022-01-18 18:28:17.003819,0.0,0.0,0.0
2022-01-18 18:28:17.508646,0.0,0.0,0.0
2022-01-18 18:28:18.004163,0.0,0.0,0.0
2022-01-18 18:28:18.506697,0.0,0.0,0.0
2022-01-18 18:28:19.002426,0.0,0.0,0.0
2022-01-18 18:28:19.510989,0.0,0.0,0.0
2022-01-18 18:28:20.003882,0.0,0.0,0.0
2022-01-18 18:28:20.509679,0.0,0.0,0.0
2022-01-18 18:28:21.001788,0.0,0.0,0.0
2022-01-18 18:28:21.508812,0.0,0.0,0.0
2022-01-18 18:28:22.007122,0.0,0.0,0.0
2022-01-18 18:28:22.507342,0.0,0.0,0.0
2022-01-18 18:28:23.007038,0.0,0.0,0.0
2022-01-18 18:28:23.509977,0.0,0.0,0.0
2022-01-18 18:28:24.003885,0.0,0.0,0.0
2022-01-18 18:28:24.506784,0.0,0.0,0.0
2022-01-18 18:28:25.006660,0.0,0.0,0.0
2022-01-18 18:28:25.510985,0.0,0.0,0.0
2022-01-18 18:28:26.008491,0.0,0.0,0.0
2022-01-18 18:28:26.508507,0.0,0.0,0.0
2022-01-18 18:28:27.005818,0.0,0.0,0.0
2022-01-18 18:28:27.511125,0.0,0.0,0.0
2022-01-18 18:28:28.007970,0.0,0.0,0.0
2022-01-18 18:28:28.502186,0.0,0.0,0.0
2022-01-18 18:28:29.008242,0.0,0.0,0.0
2022-01-18 18:28:29.507317,0.0,0.0,0.0
2022-01-18 18:28:30.000636,0.0,0.0,0.0
2022-01-18 18:28:30.502504,0.0,0.0,0.0
2022-01-18 18:28:31.009629,0.0,0.0,0.0
2022-01-18 18:28:31.504057,0.0,0.0,0.0
2022-01-18 18:28:32.002786,0.0,0.0,0.0
2022-01-18 18:28:32.507384,0.0,0.0,0.0
2022-01-18 18:28:33.003347,0.0,0.0,0.0
2022-01-18 18:28:33.506377,0.0,0.0,0.0
2022-01-18 18:28:34.004825,0.0,0.0,0.0
2022-01-18 18:28:34.510303,0.0,0.0,0.0
2022-01-18 18:28:35.008478,0.0,0.0,0.0
2022-01-18 18:28:35.503480,0.0,0.0,0.0
2022-01-18 18:28:36.001338,0.0,0.0,0.0
2022-01-18 18:28:36.505328,0.0,0.0,0.0
2022-01-18 18:28:37.002594,0.0,0.0,0.0
2022-01-18 18:28:37.507190,0.0,0.0,0.0
2022-01-18 18:28:38.004526,0.0,0.0,0.0
2022-01-18 18:28:38.509081,0.0,0.0,0.0
2022-01-18 18:28:39.007073,0.0,0.0,0.0
2022-01-18 18:28:39.502846,0.0,0.0,0.0
2022-01-18 18:28:40.010254,0.0,0.0,0.0
2022-01-18 18:28:40.506513,0.0,0.0,0.0
2022-01-18 18:28:41.005184,0.0,0.0,0.0
2022-01-18 18:28:41.509048,0.0,0.0,0.0
2022-01-18 18:28:42.007019,0.0,0.0,0.0
2022-01-18 18:28:42.502254,0.0,0.0,0.0
2022-01-18 18:28:43.008787,0.0,0.0,0.0
2022-01-18 18:28:43.503242,0.0,0.0,0.0
2022-01-18 18:28:44.010709,0.0,0.0,0.0
2022-01-18 18:28:44.505486,0.0,0.0,0.0
2022-01-18 18:28:45.003037,0.0,0.0,0.0
2022-01-18 18:28:45.509107,0.0,0.0,0.0
2022-01-18 18:28:46.006862,0.0,0.0,0.0
2022-01-18 18:28:46.501699,0.0,0.0,0.0
2022-01-18 18:28:47.009106,0.0,0.0,0.0
2022-01-18 18:28:47.504624,0.0,0.0,0.0
2022-01-18 18:28:48.003191,0.0,0.0,0.0
2022-01-18 18:28:48.508868,0.0,0.0,0.0
2022-01-18 18:28:49.006603,0.0,0.0,0.0
2022-01-18 18:28:49.502902,0.0,0.0,0.0
2022-01-18 18:28:50.001423,0.0,0.0,0.0
2022-01-18 18:28:50.506384,0.0,0.0,0.0
2022-01-18 18:28:51.003990,0.0,0.0,0.0
2022-01-18 18:28:51.509068,0.0,0.0,0.0
2022-01-18 18:28:52.008152,0.0,0.0,0.0
2022-01-18 18:28:52.502632,0.0,0.0,0.0
2022-01-18 18:28:53.009214,0.0,0.0,0.0
2022-01-18 18:28:53.503491,0.0,0.0,0.0
2022-01-18 18:28:54.010567,0.0,0.0,0.0
2022-01-18 18:28:54.505435,0.0,0.0,0.0
2022-01-18 18:28:55.002662,0.0,0.0,0.0
2022-01-18 18:28:55.508878,0.0,0.0,0.0
2022-01-18 18:28:56.007048,0.0,0.0,0.0
2022-01-18 18:28:56.502232,0.0,0.0,0.0
2022-01-18 18:28:57.008793,0.0,0.0,0.0
2022-01-18 18:28:57.503908,0.0,0.0,0.0
2022-01-18 18:28:58.002452,0.0,0.0,0.0
2022-01-18 18:28:58.507569,0.0,0.0,0.0
2022-01-18 18:28:59.005190,0.0,0.0,0.0
2022-01-18 18:28:59.509638,0.0,0.0,0.0
2022-01-18 18:29:00.006214,0.0,0.0,0.0
2022-01-18 18:29:00.501524,0.0,0.0,0.0
2022-01-18 18:29:01.010887,0.0,0.0,0.0
2022-01-18 18:29:01.505896,0.0,0.0,0.0
2022-01-18 18:29:02.002937,0.0,0.0,0.0
2022-01-18 18:29:02.507872,0.0,0.0,0.0
2022-01-18 18:29:03.007397,0.0,0.0,0.0
2022-01-18 18:29:03.503470,0.0,0.0,0.0
2022-01-18 18:29:04.001885,0.0,0.0,0.0
2022-01-18 18:29:04.507566,0.0,0.0,0.0
2022-01-18 18:29:05.005453,0.0,0.0,0.0
2022-01-18 18:29:05.509994,0.0,0.0,0.0
2022-01-18 18:29:06.003440,0.0,0.0,0.0
2022-01-18 18:29:06.509099,0.0,0.0,0.0
2022-01-18 18:29:07.005904,0.0,0.0,0.0
2022-01-18 18:29:07.509845,0.0,0.0,0.0
2022-01-18 18:29:08.008114,0.0,0.0,0.0
2022-01-18 18:29:08.502894,0.0,0.0,0.0
2022-01-18 18:29:09.010998,0.0,0.0,0.0
2022-01-18 18:29:09.505014,0.0,0.0,0.0
2022-01-18 18:29:10.001797,0.0,0.0,0.0
2022-01-18 18:29:10.505751,0.0,0.0,0.0
2022-01-18 18:29:11.004396,0.0,0.0,0.0
2022-01-18 18:29:11.510785,0.0,0.0,0.0
2022-01-18 18:29:12.009855,0.0,0.0,0.0
2022-01-18 18:29:12.502027,0.0,0.0,0.0
2022-01-18 18:29:13.010034,0.0,0.0,0.0
2022-01-18 18:29:13.504143,0.0,0.0,0.0
2022-01-18 18:29:14.001026,0.0,0.0,0.0
2022-01-18 18:29:14.506597,0.0,0.0,0.0
2022-01-18 18:29:15.003788,0.0,0.0,0.0
2022-01-18 18:29:15.508955,0.0,0.0,0.0
2022-01-18 18:29:16.007550,0.0,0.0,0.0
2022-01-18 18:29:16.501909,0.0,0.0,0.0
2022-01-18 18:29:17.009106,0.0,0.0,0.0
2022-01-18 18:29:17.503951,0.0,0.0,0.0
2022-01-18 18:29:18.002695,0.0,0.0,0.0
2022-01-18 18:29:18.509000,0.0,0.0,0.0
2022-01-18 18:29:19.006753,0.0,0.0,0.0
2022-01-18 18:29:19.501312,0.0,0.0,0.0
2022-01-18 18:29:20.008561,0.0,0.0,0.0
2022-01-18 18:29:20.503735,0.0,0.0,0.0
2022-01-18 18:29:21.002556,0.0,0.0,0.0
2022-01-18 18:29:21.510140,0.0,0.0,0.0
2022-01-18 18:29:22.008696,0.0,0.0,0.0
2022-01-18 18:29:22.503377,0.0,0.0,0.0
2022-01-18 18:29:23.001300,0.0,0.0,0.0
2022-01-18 18:29:23.506136,0.0,0.0,0.0
2022-01-18 18:29:24.003856,0.0,0.0,0.0
2022-01-18 18:29:24.508233,0.0,0.0,0.0
2022-01-18 18:29:25.005988,0.0,0.0,0.0
2022-01-18 18:29:25.510625,0.0,0.0,0.0
2022-01-18 18:29:26.007558,0.0,0.0,0.0
2022-01-18 18:29:26.503995,0.0,0.0,0.0
2022-01-18 18:29:27.001535,0.0,0.0,0.0
2022-01-18 18:29:27.506581,0.0,0.0,0.0
2022-01-18 18:29:28.005402,0.0,0.0,0.0
2022-01-18 18:29:28.501194,0.0,0.0,0.0
2022-01-18 18:29:29.009402,0.0,0.0,0.0
2022-01-18 18:29:29.503433,0.0,0.0,0.0
2022-01-18 18:29:30.002191,0.0,0.0,0.0
2022-01-18 18:29:30.507718,0.0,0.0,0.0
2022-01-18 18:29:31.006402,0.0,0.0,0.0
2022-01-18 18:29:31.501094,0.0,0.0,0.0
2022-01-18 18:29:32.009223,0.0,0.0,0.0
2022-01-18 18:29:32.503843,0.0,0.0,0.0
2022-01-18 18:29:33.001267,0.0,0.0,0.0
2022-01-18 18:29:33.507453,0.0,0.0,0.0
2022-01-18 18:29:34.006036,0.0,0.0,0.0
2022-01-18 18:29:34.510423,0.0,0.0,0.0
2022-01-18 18:29:35.008330,0.0,0.0,0.0
2022-01-18 18:29:35.505168,0.0,0.0,0.0
2022-01-18 18:29:36.002431,0.0,0.0,0.0
2022-01-18 18:29:36.507235,0.0,0.0,0.0
2022-01-18 18:29:37.005350,0.0,0.0,0.0
2022-01-18 18:29:37.510385,0.0,0.0,0.0
2022-01-18 18:29:38.008307,0.0,0.0,0.0
2022-01-18 18:29:38.502842,0.0,0.0,0.0
2022-01-18 18:29:39.010803,0.0,0.0,0.0
2022-01-18 18:29:39.505984,0.0,0.0,0.0
2022-01-18 18:29:40.005559,0.0,0.0,0.0
2022-01-18 18:29:40.511150,0.0,0.0,0.0
2022-01-18 18:29:41.010901,0.0,0.0,0.0
2022-01-18 18:29:41.504106,0.0,0.0,0.0
2022-01-18 18:29:42.504903,0.0,0.0,0.0
2022-01-18 18:29:43.002297,0.0,0.0,0.0
2022-01-18 18:29:43.506824,0.0,0.0,0.0
2022-01-18 18:29:44.003892,0.0,0.0,0.0
2022-01-18 18:29:44.510355,0.0,0.0,0.0
2022-01-18 18:29:45.008763,0.0,0.0,0.0
2022-01-18 18:29:45.505700,0.0,0.0,0.0
2022-01-18 18:29:46.003474,0.0,0.0,0.0
2022-01-18 18:29:46.510020,0.0,0.0,0.0
2022-01-18 18:29:47.006901,0.0,0.0,0.0
2022-01-18 18:29:47.502732,0.0,0.0,0.0
2022-01-18 18:29:48.001364,0.0,0.0,0.0
2022-01-18 18:29:48.506859,0.0,0.0,0.0
2022-01-18 18:29:49.004293,0.0,0.0,0.0
2022-01-18 18:29:50.005220,0.0,0.0,0.0
2022-01-18 18:29:50.509980,0.0,0.0,0.0
2022-01-18 18:29:51.008446,0.0,0.0,0.0
2022-01-18 18:29:51.505012,0.0,0.0,0.0
2022-01-18 18:29:52.002102,0.0,0.0,0.0
2022-01-18 18:29:52.507244,0.0,0.0,0.0
2022-01-18 18:29:53.005234,0.0,0.0,0.0
2022-01-18 18:29:53.509080,0.0,0.0,0.0
2022-01-18 18:29:54.007544,0.0,0.0,0.0
2022-01-18 18:29:54.503507,0.0,0.0,0.0
2022-01-18 18:29:55.001689,0.0,0.0,0.0
2022-01-18 18:29:55.507698,0.0,0.0,0.0
2022-01-18 18:29:56.004996,0.0,0.0,0.0
2022-01-18 18:29:56.507333,0.0,0.0,0.0
2022-01-18 18:29:57.008554,0.0,0.0,0.0
2022-01-18 18:29:57.506444,0.0,0.0,0.0
2022-01-18 18:29:58.004801,0.0,0.0,0.0
2022-01-18 18:29:58.509554,0.0,0.0,0.0
2022-01-18 18:29:59.007229,0.0,0.0,0.0
2022-01-18 18:29:59.503809,0.0,0.0,0.0
2022-01-18 18:30:00.003836,0.0,0.0,0.0
2022-01-18 18:30:00.504492,0.0,0.0,0.0
2022-01-18 18:30:01.002894,0.0,0.0,0.0
2022-01-18 18:30:01.508069,0.0,0.0,0.0
2022-01-18 18:30:02.006588,0.0,0.0,0.0
2022-01-18 18:30:02.503795,0.0,0.0,0.0
2022-01-18 18:30:03.001116,0.0,0.0,0.0
2022-01-18 18:30:03.506266,0.0,0.0,0.0
2022-01-18 18:30:04.003160,0.0,0.0,0.0
2022-01-18 18:30:04.507655,0.0,0.0,0.0
2022-01-18 18:30:05.005141,0.0,0.0,0.0
2022-01-18 18:30:05.502079,0.0,0.0,0.0
2022-01-18 18:30:06.010488,0.0,0.0,0.0
2022-01-18 18:30:06.508196,0.0,0.0,0.0
2022-01-18 18:30:07.006855,0.0,0.0,0.0
2022-01-18 18:30:07.501449,0.0,0.0,0.0
2022-01-18 18:30:08.010283,0.0,0.0,0.0
2022-01-18 18:30:08.504187,0.0,0.0,0.0
2022-01-18 18:30:09.001962,0.0,0.0,0.0
2022-01-18 18:30:09.505980,0.0,0.0,0.0
2022-01-18 18:30:10.003334,0.0,0.0,0.0
2022-01-18 18:30:10.508384,0.0,0.0,0.0
2022-01-18 18:30:11.005784,0.0,0.0,0.0
2022-01-18 18:30:11.509113,0.0,0.0,0.0
2022-01-18 18:30:12.005359,0.0,0.0,0.0
2022-01-18 18:30:12.509205,0.0,0.0,0.0
2022-01-18 18:30:13.006531,0.0,0.0,0.0
2022-01-18 18:30:13.502767,0.0,0.0,0.0
2022-01-18 18:30:14.010628,0.0,0.0,0.0
2022-01-18 18:30:14.504792,0.0,0.0,0.0
2022-01-18 18:30:15.003562,0.0,0.0,0.0
2022-01-18 18:30:15.501704,0.0,0.0,0.0
2022-01-18 18:30:16.010901,0.0,0.0,0.0
2022-01-18 18:30:16.507802,0.0,0.0,0.0
2022-01-18 18:30:17.006058,0.0,0.0,0.0
2022-01-18 18:30:17.509766,0.0,0.0,0.0
2022-01-18 18:30:18.007547,0.0,0.0,0.0
2022-01-18 18:30:18.502794,0.0,0.0,0.0
2022-01-18 18:30:19.010901,0.0,0.0,0.0
2022-01-18 18:30:19.504599,0.0,0.0,0.0
2022-01-18 18:30:20.003099,0.0,0.0,0.0
2022-01-18 18:30:20.508482,0.0,0.0,0.0
2022-01-18 18:30:21.007819,0.0,0.0,0.0
2022-01-18 18:30:21.503618,0.0,0.0,0.0
2022-01-18 18:30:22.002343,0.0,0.0,0.0
2022-01-18 18:30:22.507401,0.0,0.0,0.0
2022-01-18 18:30:23.004877,0.0,0.0,0.0
2022-01-18 18:30:23.509075,0.0,0.0,0.0
2022-01-18 18:30:24.006932,0.0,0.0,0.0
2022-01-18 18:30:24.503892,0.0,0.0,0.0
2022-01-18 18:30:25.504263,0.0,0.0,0.0
2022-01-18 18:30:26.002269,0.0,0.0,0.0
2022-01-18 18:30:26.505679,0.0,0.0,0.0
2022-01-18 18:30:27.004658,0.0,0.0,0.0
2022-01-18 18:30:27.510443,0.0,0.0,0.0
2022-01-18 18:30:28.007432,0.0,0.0,0.0
2022-01-18 18:30:28.502452,0.0,0.0,0.0
2022-01-18 18:30:29.010360,0.0,0.0,0.0
2022-01-18 18:30:29.503950,0.0,0.0,0.0
2022-01-18 18:30:30.003028,0.0,0.0,0.0
2022-01-18 18:30:30.507731,0.0,0.0,0.0
2022-01-18 18:30:31.006214,0.0,0.0,0.0
2022-01-18 18:30:31.510497,0.0,0.0,0.0
2022-01-18 18:30:32.008080,0.0,0.0,0.0
2022-01-18 18:30:32.502751,0.0,0.0,0.0
2022-01-18 18:30:33.001721,0.0,0.0,0.0
2022-01-18 18:30:33.507193,0.0,0.0,0.0
2022-01-18 18:30:34.006415,0.0,0.0,0.0
2022-01-18 18:30:34.502744,0.0,0.0,0.0
2022-01-18 18:30:35.010506,0.0,0.0,0.0
2022-01-18 18:30:35.504837,0.0,0.0,0.0
2022-01-18 18:30:36.003085,0.0,0.0,0.0
2022-01-18 18:30:36.509231,0.0,0.0,0.0
2022-01-18 18:30:37.005779,0.0,0.0,0.0
2022-01-18 18:30:37.511048,0.0,0.0,0.0
2022-01-18 18:30:38.008723,0.0,0.0,0.0
2022-01-18 18:30:38.505123,0.0,0.0,0.0
2022-01-18 18:30:39.002752,0.0,0.0,0.0
2022-01-18 18:30:39.507566,0.0,0.0,0.0
2022-01-18 18:30:40.004404,0.0,0.0,0.0
2022-01-18 18:30:40.508578,0.0,0.0,0.0
2022-01-18 18:30:41.006550,0.0,0.0,0.0
2022-01-18 18:30:41.510220,0.0,0.0,0.0
2022-01-18 18:30:42.006999,0.0,0.0,0.0
2022-01-18 18:30:42.503966,0.0,0.0,0.0
2022-01-18 18:30:43.005132,0.0,0.0,0.0
2022-01-18 18:30:43.509435,0.0,0.0,0.0
2022-01-18 18:30:44.006833,0.0,0.0,0.0
2022-01-18 18:30:44.501184,0.0,0.0,0.0
2022-01-18 18:30:45.010243,0.0,0.0,0.0
2022-01-18 18:30:45.505922,0.0,0.0,0.0
2022-01-18 18:30:46.002329,0.0,0.0,0.0
2022-01-18 18:30:46.506652,0.0,0.0,0.0
2022-01-18 18:30:47.005710,0.0,0.0,0.0
2022-01-18 18:30:47.504011,0.0,0.0,0.0
2022-01-18 18:30:48.001892,0.0,0.0,0.0
2022-01-18 18:30:48.506837,0.0,0.0,0.0
2022-01-18 18:30:49.004193,0.0,0.0,0.0
2022-01-18 18:30:49.509130,0.0,0.0,0.0
2022-01-18 18:30:50.007171,0.0,0.0,0.0
2022-01-18 18:30:50.502343,0.0,0.0,0.0
2022-01-18 18:30:51.001355,0.0,0.0,0.0
2022-01-18 18:30:51.507028,0.0,0.0,0.0
2022-01-18 18:30:52.003965,0.0,0.0,0.0
2022-01-18 18:30:52.510085,0.0,0.0,0.0
2022-01-18 18:30:53.007239,0.0,0.0,0.0
2022-01-18 18:30:53.503922,0.0,0.0,0.0
2022-01-18 18:30:54.002880,0.0,0.0,0.0
2022-01-18 18:30:54.507381,0.0,0.0,0.0
2022-01-18 18:30:55.004800,0.0,0.0,0.0
2022-01-18 18:30:55.509956,0.0,0.0,0.0
2022-01-18 18:30:56.006938,0.0,0.0,0.0
2022-01-18 18:30:56.501913,0.0,0.0,0.0
2022-01-18 18:30:57.009698,0.0,0.0,0.0
2022-01-18 18:30:57.504689,0.0,0.0,0.0
2022-01-18 18:30:58.000997,0.0,0.0,0.0
2022-01-18 18:30:58.503790,0.0,0.0,0.0
2022-01-18 18:30:59.001395,0.0,0.0,0.0
2022-01-18 18:30:59.505298,0.0,0.0,0.0
2022-01-18 18:31:00.003078,0.0,0.0,0.0
2022-01-18 18:31:00.507994,0.0,0.0,0.0
2022-01-18 18:31:01.005090,0.0,0.0,0.0
2022-01-18 18:31:01.510085,0.0,0.0,0.0
2022-01-18 18:31:02.007096,0.0,0.0,0.0
2022-01-18 18:31:02.505771,0.0,0.0,0.0
2022-01-18 18:31:03.003600,0.0,0.0,0.0
2022-01-18 18:31:03.505755,0.0,0.0,0.0
2022-01-18 18:31:04.003127,0.0,0.0,0.0
2022-01-18 18:31:04.510893,0.0,0.0,0.0
2022-01-18 18:31:05.008075,0.0,0.0,0.0
2022-01-18 18:31:05.502439,0.0,0.0,0.0
2022-01-18 18:31:06.010981,0.0,0.0,0.0
2022-01-18 18:31:06.506544,0.0,0.0,0.0
2022-01-18 18:31:07.004197,0.0,0.0,0.0
2022-01-18 18:31:07.508736,0.0,0.0,0.0
2022-01-18 18:31:08.007472,0.0,0.0,0.0
2022-01-18 18:31:08.502170,0.0,0.0,0.0
2022-01-18 18:31:09.002425,0.0,0.0,0.0
2022-01-18 18:31:09.507551,0.0,0.0,0.0
2022-01-18 18:31:10.005842,0.0,0.0,0.0
2022-01-18 18:31:10.508729,0.0,0.0,0.0
2022-01-18 18:31:11.007078,0.0,0.0,0.0
2022-01-18 18:31:11.502290,0.0,0.0,0.0
2022-01-18 18:31:12.001076,0.0,0.0,0.0
2022-01-18 18:31:12.506272,0.0,0.0,0.0
2022-01-18 18:31:13.004202,0.0,0.0,0.0
2022-01-18 18:31:13.509545,0.0,0.0,0.0
2022-01-18 18:31:14.006577,0.0,0.0,0.0
2022-01-18 18:31:14.502234,0.0,0.0,0.0
2022-01-18 18:31:15.004692,0.0,0.0,0.0
2022-01-18 18:31:15.509201,0.0,0.0,0.0
2022-01-18 18:31:16.006679,0.0,0.0,0.0
2022-01-18 18:31:16.511045,0.0,0.0,0.0
2022-01-18 18:31:17.008805,0.0,0.0,0.0
2022-01-18 18:31:17.504741,0.0,0.0,0.0
2022-01-18 18:31:18.001766,0.0,0.0,0.0
2022-01-18 18:31:18.509119,0.0,0.0,0.0
2022-01-18 18:31:19.006886,0.0,0.0,0.0
2022-01-18 18:31:19.501827,0.0,0.0,0.0
2022-01-18 18:31:20.010345,0.0,0.0,0.0
2022-01-18 18:31:20.506495,0.0,0.0,0.0
2022-01-18 18:31:21.003795,0.0,0.0,0.0
2022-01-18 18:31:21.508558,0.0,0.0,0.0
2022-01-18 18:31:22.008441,0.0,0.0,0.0
2022-01-18 18:31:22.503039,0.0,0.0,0.0
2022-01-18 18:31:23.001094,0.0,0.0,0.0
2022-01-18 18:31:23.505156,0.0,0.0,0.0
2022-01-18 18:31:24.001493,0.0,0.0,0.0
2022-01-18 18:31:24.507628,0.0,0.0,0.0
2022-01-18 18:31:25.005020,0.0,0.0,0.0
2022-01-18 18:31:25.509509,0.0,0.0,0.0
2022-01-18 18:31:26.007581,0.0,0.0,0.0
2022-01-18 18:31:26.503573,0.0,0.0,0.0
2022-01-18 18:31:27.001337,0.0,0.0,0.0
2022-01-18 18:31:27.503317,0.0,0.0,0.0
2022-01-18 18:31:28.010144,0.0,0.0,0.0
2022-01-18 18:31:28.506241,0.0,0.0,0.0
2022-01-18 18:31:29.003160,0.0,0.0,0.0
2022-01-18 18:31:29.508247,0.0,0.0,0.0
2022-01-18 18:31:30.006741,0.0,0.0,0.0
2022-01-18 18:31:30.504335,0.0,0.0,0.0
2022-01-18 18:31:31.002347,0.0,0.0,0.0
2022-01-18 18:31:31.507571,0.0,0.0,0.0
2022-01-18 18:31:32.005426,0.0,0.0,0.0
2022-01-18 18:31:32.510353,0.0,0.0,0.0
2022-01-18 18:31:33.007376,0.0,0.0,0.0
2022-01-18 18:31:33.502080,0.0,0.0,0.0
2022-01-18 18:31:34.009326,0.0,0.0,0.0
2022-01-18 18:31:34.502791,0.0,0.0,0.0
2022-01-18 18:31:35.010467,0.0,0.0,0.0
2022-01-18 18:31:35.507162,0.0,0.0,0.0
2022-01-18 18:31:36.006369,0.0,0.0,0.0
2022-01-18 18:31:37.002716,0.0,0.0,0.0
2022-01-18 18:31:37.502627,0.0,0.0,0.0
2022-01-18 18:31:38.001645,0.0,0.0,0.0
2022-01-18 18:31:38.504390,0.0,0.0,0.0
2022-01-18 18:31:39.009868,0.0,0.0,0.0
2022-01-18 18:31:39.504665,0.0,0.0,0.0
2022-01-18 18:31:40.005989,0.0,0.0,0.0
2022-01-18 18:31:40.501129,0.0,0.0,0.0
2022-01-18 18:31:41.006680,0.0,0.0,0.0
2022-01-18 18:31:41.510146,0.0,0.0,0.0
2022-01-18 18:31:42.009869,0.0,0.0,0.0
2022-01-18 18:31:42.504300,0.0,0.0,0.0
2022-01-18 18:31:43.008915,0.0,0.0,0.0
2022-01-18 18:31:43.502784,0.0,0.0,0.0
2022-01-18 18:31:44.002054,0.0,0.0,0.0
2022-01-18 18:31:44.505985,0.0,0.0,0.0
2022-01-18 18:31:45.008772,0.0,0.0,0.0
2022-01-18 18:31:45.502284,0.0,0.0,0.0
2022-01-18 18:31:46.008560,0.0,0.0,0.0
2022-01-18 18:31:46.501661,0.0,0.0,0.0
2022-01-18 18:31:47.004070,0.0,0.0,0.0
2022-01-18 18:31:47.508627,0.0,0.0,0.0
2022-01-18 18:31:48.003533,0.0,0.0,0.0
2022-01-18 18:31:48.507964,0.0,0.0,0.0
2022-01-18 18:31:49.008330,0.0,0.0,0.0
2022-01-18 18:31:49.501225,0.0,0.0,0.0
2022-01-18 18:31:50.008425,0.0,0.0,0.0
2022-01-18 18:31:50.502502,0.0,0.0,0.0
2022-01-18 18:31:51.009020,0.0,0.0,0.0
2022-01-18 18:31:51.503391,0.0,0.0,0.0
2022-01-18 18:31:52.011316,0.0,0.0,0.0
2022-01-18 18:31:52.506801,0.0,0.0,0.0
2022-01-18 18:31:53.004877,0.0,0.0,0.0
2022-01-18 18:31:53.508843,0.0,0.0,0.0
2022-01-18 18:31:54.008367,0.0,0.0,0.0
2022-01-18 18:31:54.505951,0.0,0.0,0.0
2022-01-18 18:31:55.003366,0.0,0.0,0.0
2022-01-18 18:31:55.509070,0.0,0.0,0.0
2022-01-18 18:31:56.007334,0.0,0.0,0.0
2022-01-18 18:31:56.504003,0.0,0.0,0.0
2022-01-18 18:31:57.003146,0.0,0.0,0.0
2022-01-18 18:31:57.508201,0.0,0.0,0.0
2022-01-18 18:31:58.005158,0.0,0.0,0.0
2022-01-18 18:31:58.502303,0.0,0.0,0.0
2022-01-18 18:31:59.004408,0.0,0.0,0.0
2022-01-18 18:31:59.510479,0.0,0.0,0.0
2022-01-18 18:32:00.004489,0.0,0.0,0.0
2022-01-18 18:32:01.503388,0.0,0.0,0.0
2022-01-18 18:32:02.007356,0.0,0.0,0.0
2022-01-18 18:32:02.504683,0.0,0.0,0.0
2022-01-18 18:32:03.004664,0.0,0.0,0.0
2022-01-18 18:32:03.510065,0.0,0.0,0.0
2022-01-18 18:32:04.001929,0.0,0.0,0.0
2022-01-18 18:32:04.508038,0.0,0.0,0.0
2022-01-18 18:32:05.005215,0.0,0.0,0.0
2022-01-18 18:32:05.506744,0.0,0.0,0.0
2022-01-18 18:32:06.005769,0.0,0.0,0.0
2022-01-18 18:32:06.504693,0.0,0.0,0.0
2022-01-18 18:32:07.007470,0.0,0.0,0.0
2022-01-18 18:32:07.509777,0.0,0.0,0.0
2022-01-18 18:32:08.003743,0.0,0.0,0.0
2022-01-18 18:32:08.504182,0.0,0.0,0.0
2022-01-18 18:32:09.010798,0.0,0.0,0.0
2022-01-18 18:32:09.505673,0.0,0.0,0.0
2022-01-18 18:32:10.007214,0.0,0.0,0.0
2022-01-18 18:32:10.501837,0.0,0.0,0.0
2022-01-18 18:32:11.005147,0.0,0.0,0.0
2022-01-18 18:32:11.501997,0.0,0.0,0.0
2022-01-18 18:32:12.009936,0.0,0.0,0.0
2022-01-18 18:32:12.503186,0.0,0.0,0.0
2022-01-18 18:32:13.001300,0.0,0.0,0.0
2022-01-18 18:32:13.507401,0.0,0.0,0.0
2022-01-18 18:32:14.003920,0.0,0.0,0.0
2022-01-18 18:32:14.510058,0.0,0.0,0.0
2022-01-18 18:32:15.009161,0.0,0.0,0.0
2022-01-18 18:32:15.503576,0.0,0.0,0.0
2022-01-18 18:32:16.004215,0.0,0.0,0.0
2022-01-18 18:32:16.509071,0.0,0.0,0.0
2022-01-18 18:32:17.005433,0.0,0.0,0.0
2022-01-18 18:32:17.510574,0.0,0.0,0.0
2022-01-18 18:32:18.007677,0.0,0.0,0.0
2022-01-18 18:32:18.500424,0.0,0.0,0.0
2022-01-18 18:32:19.006849,0.0,0.0,0.0
2022-01-18 18:32:19.503196,0.0,0.0,0.0
2022-01-18 18:32:20.008358,0.0,0.0,0.0
2022-01-18 18:32:20.503847,0.0,0.0,0.0
2022-01-18 18:32:21.010682,0.0,0.0,0.0
2022-01-18 18:32:21.506337,0.0,0.0,0.0
2022-01-18 18:32:22.003280,0.0,0.0,0.0
2022-01-18 18:32:22.507964,0.0,0.0,0.0
2022-01-18 18:32:23.006411,0.0,0.0,0.0
2022-01-18 18:32:23.511361,0.0,0.0,0.0
2022-01-18 18:32:24.008698,0.0,0.0,0.0
2022-01-18 18:32:24.505442,0.0,0.0,0.0
2022-01-18 18:32:25.002749,0.0,0.0,0.0
2022-01-18 18:32:25.507144,0.0,0.0,0.0
2022-01-18 18:32:26.005995,0.0,0.0,0.0
2022-01-18 18:32:26.510751,0.0,0.0,0.0
2022-01-18 18:32:27.006246,0.0,0.0,0.0
2022-01-18 18:32:27.501940,0.0,0.0,0.0
2022-01-18 18:32:28.010357,0.0,0.0,0.0
2022-01-18 18:32:28.503778,0.0,0.0,0.0
2022-01-18 18:32:29.001749,0.0,0.0,0.0
2022-01-18 18:32:29.506838,0.0,0.0,0.0
2022-01-18 18:32:30.004440,0.0,0.0,0.0
2022-01-18 18:32:30.510724,0.0,0.0,0.0
2022-01-18 18:32:31.008019,0.0,0.0,0.0
2022-01-18 18:32:31.509009,0.0,0.0,0.0
2022-01-18 18:32:32.004264,0.0,0.0,0.0
2022-01-18 18:32:32.505387,0.0,0.0,0.0
2022-01-18 18:32:33.003243,0.0,0.0,0.0
2022-01-18 18:32:33.507165,0.0,0.0,0.0
2022-01-18 18:32:34.005033,0.0,0.0,0.0
2022-01-18 18:32:34.502396,0.0,0.0,0.0
2022-01-18 18:32:35.008353,0.0,0.0,0.0
2022-01-18 18:32:35.504392,0.0,0.0,0.0
2022-01-18 18:32:36.001217,0.0,0.0,0.0
2022-01-18 18:32:36.503941,0.0,0.0,0.0
2022-01-18 18:32:37.001900,0.0,0.0,0.0
2022-01-18 18:32:37.506908,0.0,0.0,0.0
2022-01-18 18:32:38.005344,0.0,0.0,0.0
2022-01-18 18:32:38.501096,0.0,0.0,0.0
2022-01-18 18:32:39.007337,0.0,0.0,0.0
2022-01-18 18:32:39.510904,0.0,0.0,0.0
2022-01-18 18:32:40.009089,0.0,0.0,0.0
2022-01-18 18:32:40.503920,0.0,0.0,0.0
2022-01-18 18:32:41.002228,0.0,0.0,0.0
2022-01-18 18:32:41.507495,0.0,0.0,0.0
2022-01-18 18:32:42.005054,0.0,0.0,0.0
2022-01-18 18:32:42.501550,0.0,0.0,0.0
2022-01-18 18:32:43.009726,0.0,0.0,0.0
2022-01-18 18:32:43.506010,0.0,0.0,0.0
2022-01-18 18:32:44.005392,0.0,0.0,0.0
2022-01-18 18:32:44.501305,0.0,0.0,0.0
2022-01-18 18:32:45.009907,0.0,0.0,0.0
2022-01-18 18:32:45.504082,0.0,0.0,0.0
2022-01-18 18:32:46.002909,0.0,0.0,0.0
2022-01-18 18:32:46.510373,0.0,0.0,0.0
2022-01-18 18:32:47.007830,0.0,0.0,0.0
2022-01-18 18:32:47.504842,0.0,0.0,0.0
2022-01-18 18:32:48.001549,0.0,0.0,0.0
2022-01-18 18:32:48.506193,0.0,0.0,0.0
2022-01-18 18:32:49.003264,0.0,0.0,0.0
2022-01-18 18:32:49.509287,0.0,0.0,0.0
2022-01-18 18:32:50.005996,0.0,0.0,0.0
2022-01-18 18:32:50.501234,0.0,0.0,0.0
2022-01-18 18:32:51.011008,0.0,0.0,0.0
2022-01-18 18:32:51.505747,0.0,0.0,0.0
2022-01-18 18:32:52.005055,0.0,0.0,0.0
2022-01-18 18:32:52.501334,0.0,0.0,0.0
2022-01-18 18:32:53.008918,0.0,0.0,0.0
2022-01-18 18:32:53.503963,0.0,0.0,0.0
2022-01-18 18:32:54.002301,0.0,0.0,0.0
2022-01-18 18:32:54.508553,0.0,0.0,0.0
2022-01-18 18:32:55.005909,0.0,0.0,0.0
2022-01-18 18:32:55.503597,0.0,0.0,0.0
2022-01-18 18:32:56.002707,0.0,0.0,0.0
2022-01-18 18:32:56.502989,0.0,0.0,0.0
2022-01-18 18:32:57.005820,0.0,0.0,0.0
2022-01-18 18:32:57.509921,0.0,0.0,0.0
2022-01-18 18:32:58.008596,0.0,0.0,0.0
2022-01-18 18:32:58.504450,0.0,0.0,0.0
2022-01-18 18:32:59.002459,0.0,0.0,0.0
2022-01-18 18:32:59.508108,0.0,0.0,0.0
2022-01-18 18:33:00.005268,0.0,0.0,0.0
2022-01-18 18:33:00.510762,0.0,0.0,0.0
2022-01-18 18:33:01.009782,0.0,0.0,0.0
2022-01-18 18:33:01.506939,0.0,0.0,0.0
2022-01-18 18:33:02.006710,0.0,0.0,0.0
2022-01-18 18:33:02.510455,0.0,0.0,0.0
2022-01-18 18:33:03.006843,0.0,0.0,0.0
2022-01-18 18:33:03.504103,0.0,0.0,0.0
2022-01-18 18:33:04.002506,0.0,0.0,0.0
2022-01-18 18:33:04.507374,0.0,0.0,0.0
2022-01-18 18:33:05.005810,0.0,0.0,0.0
2022-01-18 18:33:05.501149,0.0,0.0,0.0
2022-01-18 18:33:06.009459,0.0,0.0,0.0
2022-01-18 18:33:06.506547,0.0,0.0,0.0
2022-01-18 18:33:07.005051,0.0,0.0,0.0
2022-01-18 18:33:07.510805,0.0,0.0,0.0
2022-01-18 18:33:08.010689,0.0,0.0,0.0
2022-01-18 18:33:08.506379,0.0,0.0,0.0
2022-01-18 18:33:09.003909,0.0,0.0,0.0
2022-01-18 18:33:09.508932,0.0,0.0,0.0
2022-01-18 18:33:10.008219,0.0,0.0,0.0
2022-01-18 18:33:10.504103,0.0,0.0,0.0
2022-01-18 18:33:11.003742,0.0,0.0,0.0
2022-01-18 18:33:11.509086,0.0,0.0,0.0
2022-01-18 18:33:12.007659,0.0,0.0,0.0
2022-01-18 18:33:12.504609,0.0,0.0,0.0
2022-01-18 18:33:13.002834,0.0,0.0,0.0
2022-01-18 18:33:13.508651,0.0,0.0,0.0
2022-01-18 18:33:14.007307,0.0,0.0,0.0
2022-01-18 18:33:14.502773,0.0,0.0,0.0
2022-01-18 18:33:15.002093,0.0,0.0,0.0
2022-01-18 18:33:15.507142,0.0,0.0,0.0
2022-01-18 18:33:16.005120,0.0,0.0,0.0
2022-01-18 18:33:16.502423,0.0,0.0,0.0
2022-01-18 18:33:17.003167,0.0,0.0,0.0
2022-01-18 18:33:17.509075,0.0,0.0,0.0
2022-01-18 18:33:18.008177,0.0,0.0,0.0
2022-01-18 18:33:18.504034,0.0,0.0,0.0
2022-01-18 18:33:19.002359,0.0,0.0,0.0
2022-01-18 18:33:19.506773,0.0,0.0,0.0
2022-01-18 18:33:20.004325,0.0,0.0,0.0
2022-01-18 18:33:20.509074,0.0,0.0,0.0
2022-01-18 18:33:21.008508,0.0,0.0,0.0
2022-01-18 18:33:21.503156,0.0,0.0,0.0
2022-01-18 18:33:22.001829,0.0,0.0,0.0
2022-01-18 18:33:22.506275,0.0,0.0,0.0
2022-01-18 18:33:23.004291,0.0,0.0,0.0
2022-01-18 18:33:23.509043,0.0,0.0,0.0
2022-01-18 18:33:24.006451,0.0,0.0,0.0
2022-01-18 18:33:24.501317,0.0,0.0,0.0
2022-01-18 18:33:25.009757,0.0,0.0,0.0
2022-01-18 18:33:25.506733,0.0,0.0,0.0
2022-01-18 18:33:26.003921,0.0,0.0,0.0
2022-01-18 18:33:26.509160,0.0,0.0,0.0
2022-01-18 18:33:27.006885,0.0,0.0,0.0
2022-01-18 18:33:27.501445,0.0,0.0,0.0
2022-01-18 18:33:28.009648,0.0,0.0,0.0
2022-01-18 18:33:28.505496,0.0,0.0,0.0
2022-01-18 18:33:29.004937,0.0,0.0,0.0
2022-01-18 18:33:29.510417,0.0,0.0,0.0
2022-01-18 18:33:30.008814,0.0,0.0,0.0
2022-01-18 18:33:30.503888,0.0,0.0,0.0
2022-01-18 18:33:31.002748,0.0,0.0,0.0
2022-01-18 18:33:31.508007,0.0,0.0,0.0
2022-01-18 18:33:32.008673,0.0,0.0,0.0
2022-01-18 18:33:32.505149,0.0,0.0,0.0
2022-01-18 18:33:33.004298,0.0,0.0,0.0
2022-01-18 18:33:34.004375,0.0,0.0,0.0
2022-01-18 18:33:34.510002,0.0,0.0,0.0
2022-01-18 18:33:35.009215,0.0,0.0,0.0
2022-01-18 18:33:35.504075,0.0,0.0,0.0
2022-01-18 18:33:36.002013,0.0,0.0,0.0
2022-01-18 18:33:36.510123,0.0,0.0,0.0
2022-01-18 18:33:37.008057,0.0,0.0,0.0
2022-01-18 18:33:37.505930,0.0,0.0,0.0
2022-01-18 18:33:38.003626,0.0,0.0,0.0
2022-01-18 18:33:38.502049,0.0,0.0,0.0
2022-01-18 18:33:39.005457,0.0,0.0,0.0
2022-01-18 18:33:39.501699,0.0,0.0,0.0
2022-01-18 18:33:40.010346,0.0,0.0,0.0
2022-01-18 18:33:40.503709,0.0,0.0,0.0
2022-01-18 18:33:41.002496,0.0,0.0,0.0
2022-01-18 18:33:41.508751,0.0,0.0,0.0
2022-01-18 18:33:42.007083,0.0,0.0,0.0
2022-01-18 18:33:43.004929,0.0,0.0,0.0
2022-01-18 18:33:43.510603,0.0,0.0,0.0
2022-01-18 18:33:44.008548,0.0,0.0,0.0
2022-01-18 18:33:44.502715,0.0,0.0,0.0
2022-01-18 18:33:45.010447,0.0,0.0,0.0
2022-01-18 18:33:45.506426,0.0,0.0,0.0
2022-01-18 18:33:46.004692,0.0,0.0,0.0
2022-01-18 18:33:46.509623,0.0,0.0,0.0
2022-01-18 18:33:47.006589,0.0,0.0,0.0
2022-01-18 18:33:47.510555,0.0,0.0,0.0
2022-01-18 18:33:48.008205,0.0,0.0,0.0
2022-01-18 18:33:48.506769,0.0,0.0,0.0
2022-01-18 18:33:49.005789,0.0,0.0,0.0
2022-01-18 18:33:49.511152,0.0,0.0,0.0
2022-01-18 18:33:50.007862,0.0,0.0,0.0
2022-01-18 18:33:50.503443,0.0,0.0,0.0
2022-01-18 18:33:51.001276,0.0,0.0,0.0
2022-01-18 18:33:51.506775,0.0,0.0,0.0
2022-01-18 18:33:52.003641,0.0,0.0,0.0
2022-01-18 18:33:52.509147,0.0,0.0,0.0
2022-01-18 18:33:53.008631,0.0,0.0,0.0
2022-01-18 18:33:53.502236,0.0,0.0,0.0
2022-01-18 18:33:54.504759,0.0,0.0,0.0
2022-01-18 18:33:55.003262,0.0,0.0,0.0
2022-01-18 18:33:55.508855,0.0,0.0,0.0
2022-01-18 18:33:56.007119,0.0,0.0,0.0
2022-01-18 18:33:56.511002,0.0,0.0,0.0
2022-01-18 18:33:57.009302,0.0,0.0,0.0
2022-01-18 18:33:57.504495,0.0,0.0,0.0
2022-01-18 18:33:58.003565,0.0,0.0,0.0
2022-01-18 18:33:58.509181,0.0,0.0,0.0
2022-01-18 18:33:59.006508,0.0,0.0,0.0
2022-01-18 18:34:00.004208,0.0,0.0,0.0
2022-01-18 18:34:00.511188,0.0,0.0,0.0
2022-01-18 18:34:01.010084,0.0,0.0,0.0
2022-01-18 18:34:01.505354,0.0,0.0,0.0
2022-01-18 18:34:02.003694,0.0,0.0,0.0
2022-01-18 18:34:02.510500,0.0,0.0,0.0
2022-01-18 18:34:03.006747,0.0,0.0,0.0
2022-01-18 18:34:03.501684,0.0,0.0,0.0
2022-01-18 18:34:04.010276,0.0,0.0,0.0
2022-01-18 18:34:04.505157,0.0,0.0,0.0
2022-01-18 18:34:05.004885,0.0,0.0,0.0
2022-01-18 18:34:05.509173,0.0,0.0,0.0
2022-01-18 18:34:06.005080,0.0,0.0,0.0
2022-01-18 18:34:06.510899,0.0,0.0,0.0
2022-01-18 18:34:07.009297,0.0,0.0,0.0
2022-01-18 18:34:07.504091,0.0,0.0,0.0
2022-01-18 18:34:08.003392,0.0,0.0,0.0
2022-01-18 18:34:08.509180,0.0,0.0,0.0
2022-01-18 18:34:09.006278,0.0,0.0,0.0
2022-01-18 18:34:09.501795,0.0,0.0,0.0
2022-01-18 18:34:10.010755,0.0,0.0,0.0
2022-01-18 18:34:10.505454,0.0,0.0,0.0
2022-01-18 18:34:11.008359,0.0,0.0,0.0
2022-01-18 18:34:11.501152,0.0,0.0,0.0
2022-01-18 18:34:12.003586,0.0,0.0,0.0
2022-01-18 18:34:12.506100,0.0,0.0,0.0
2022-01-18 18:34:13.007164,0.0,0.0,0.0
2022-01-18 18:34:13.505308,0.0,0.0,0.0
2022-01-18 18:34:14.003238,0.0,0.0,0.0
2022-01-18 18:34:14.507972,0.0,0.0,0.0
2022-01-18 18:34:15.007493,0.0,0.0,0.0
2022-01-18 18:34:15.505075,0.0,0.0,0.0
2022-01-18 18:34:16.003757,0.0,0.0,0.0
2022-01-18 18:34:16.508949,0.0,0.0,0.0
2022-01-18 18:34:17.008503,0.0,0.0,0.0
2022-01-18 18:34:17.503322,0.0,0.0,0.0
2022-01-18 18:34:18.010520,0.0,0.0,0.0
2022-01-18 18:34:18.505798,0.0,0.0,0.0
2022-01-18 18:34:19.003640,0.0,0.0,0.0
2022-01-18 18:34:19.510776,0.0,0.0,0.0
2022-01-18 18:34:20.008636,0.0,0.0,0.0
2022-01-18 18:34:20.503247,0.0,0.0,0.0
2022-01-18 18:34:21.010305,0.0,0.0,0.0
2022-01-18 18:34:21.504275,0.0,0.0,0.0
2022-01-18 18:34:22.003036,0.0,0.0,0.0
2022-01-18 18:34:22.509891,0.0,0.0,0.0
2022-01-18 18:34:23.007391,0.0,0.0,0.0
2022-01-18 18:34:23.502336,0.0,0.0,0.0
2022-01-18 18:34:24.002059,0.0,0.0,0.0
2022-01-18 18:34:24.508067,0.0,0.0,0.0
2022-01-18 18:34:25.006198,0.0,0.0,0.0
2022-01-18 18:34:25.510798,0.0,0.0,0.0
2022-01-18 18:34:26.009027,0.0,0.0,0.0
2022-01-18 18:34:26.501384,0.0,0.0,0.0
2022-01-18 18:34:27.009115,0.0,0.0,0.0
2022-01-18 18:34:27.503648,0.0,0.0,0.0
2022-01-18 18:34:28.001796,0.0,0.0,0.0
2022-01-18 18:34:28.509801,0.0,0.0,0.0
2022-01-18 18:34:29.007936,0.0,0.0,0.0
2022-01-18 18:34:29.508735,0.0,0.0,0.0
2022-01-18 18:34:30.008001,0.0,0.0,0.0
2022-01-18 18:34:30.503402,0.0,0.0,0.0
2022-01-18 18:34:31.011036,0.0,0.0,0.0
2022-01-18 18:34:31.506643,0.0,0.0,0.0
2022-01-18 18:34:32.003981,0.0,0.0,0.0
2022-01-18 18:34:32.510384,0.0,0.0,0.0
2022-01-18 18:34:33.007278,0.0,0.0,0.0
2022-01-18 18:34:33.502263,0.0,0.0,0.0
2022-01-18 18:34:34.010151,0.0,0.0,0.0
2022-01-18 18:34:34.504637,0.0,0.0,0.0
2022-01-18 18:34:35.002237,0.0,0.0,0.0
2022-01-18 18:34:35.506769,0.0,0.0,0.0
2022-01-18 18:34:36.007462,0.0,0.0,0.0
2022-01-18 18:34:36.507515,0.0,0.0,0.0
2022-01-18 18:34:37.005560,0.0,0.0,0.0
2022-01-18 18:34:37.508781,0.0,0.0,0.0
2022-01-18 18:34:38.004280,0.0,0.0,0.0
2022-01-18 18:34:38.510302,0.0,0.0,0.0
2022-01-18 18:34:39.006409,0.0,0.0,0.0
2022-01-18 18:34:39.505537,0.0,0.0,0.0
2022-01-18 18:34:40.006416,0.0,0.0,0.0
2022-01-18 18:34:40.502481,0.0,0.0,0.0
2022-01-18 18:34:41.010024,0.0,0.0,0.0
2022-01-18 18:34:41.506293,0.0,0.0,0.0
2022-01-18 18:34:42.003794,0.0,0.0,0.0
2022-01-18 18:34:42.504433,0.0,0.0,0.0
2022-01-18 18:34:43.002483,0.0,0.0,0.0
2022-01-18 18:34:43.505969,0.0,0.0,0.0
2022-01-18 18:34:44.005048,0.0,0.0,0.0
2022-01-18 18:34:44.508898,0.0,0.0,0.0
2022-01-18 18:34:45.006208,0.0,0.0,0.0
2022-01-18 18:34:45.501788,0.0,0.0,0.0
2022-01-18 18:34:46.009963,0.0,0.0,0.0
2022-01-18 18:34:46.503049,0.0,0.0,0.0
2022-01-18 18:34:47.005782,0.0,0.0,0.0
2022-01-18 18:34:47.508356,0.0,0.0,0.0
2022-01-18 18:34:48.006576,0.0,0.0,0.0
2022-01-18 18:34:48.501468,0.0,0.0,0.0
2022-01-18 18:34:49.009832,0.0,0.0,0.0
2022-01-18 18:34:49.508811,0.0,0.0,0.0
2022-01-18 18:34:50.000442,0.0,0.0,0.0
2022-01-18 18:34:50.501107,0.0,0.0,0.0
2022-01-18 18:34:51.010338,0.0,0.0,0.0
2022-01-18 18:34:51.506694,0.0,0.0,0.0
2022-01-18 18:34:52.004342,0.0,0.0,0.0
2022-01-18 18:34:52.509064,0.0,0.0,0.0
2022-01-18 18:34:53.006022,0.0,0.0,0.0
2022-01-18 18:34:53.507753,0.0,0.0,0.0
2022-01-18 18:34:54.005027,0.0,0.0,0.0
2022-01-18 18:34:54.510786,0.0,0.0,0.0
2022-01-18 18:34:55.009570,0.0,0.0,0.0
2022-01-18 18:34:55.504848,0.0,0.0,0.0
2022-01-18 18:34:56.001660,0.0,0.0,0.0
2022-01-18 18:34:56.503491,0.0,0.0,0.0
2022-01-18 18:34:57.011146,0.0,0.0,0.0
2022-01-18 18:34:57.506275,0.0,0.0,0.0
2022-01-18 18:34:58.004388,0.0,0.0,0.0
2022-01-18 18:34:58.509621,0.0,0.0,0.0
2022-01-18 18:34:59.007343,0.0,0.0,0.0
2022-01-18 18:34:59.502067,0.0,0.0,0.0
2022-01-18 18:35:00.010054,0.0,0.0,0.0
2022-01-18 18:35:00.505430,0.0,0.0,0.0
2022-01-18 18:35:01.003207,0.0,0.0,0.0
2022-01-18 18:35:01.508622,0.0,0.0,0.0
2022-01-18 18:35:02.004866,0.0,0.0,0.0
2022-01-18 18:35:02.509671,0.0,0.0,0.0
2022-01-18 18:35:03.007432,0.0,0.0,0.0
2022-01-18 18:35:03.504113,0.0,0.0,0.0
2022-01-18 18:35:04.001988,0.0,0.0,0.0
2022-01-18 18:35:04.503625,0.0,0.0,0.0
2022-01-18 18:35:05.001902,0.0,0.0,0.0
2022-01-18 18:35:05.504363,0.0,0.0,0.0
2022-01-18 18:35:06.010491,0.0,0.0,0.0
2022-01-18 18:35:06.504536,0.0,0.0,0.0
2022-01-18 18:35:07.000760,0.0,0.0,0.0
2022-01-18 18:35:07.503100,0.0,0.0,0.0
2022-01-18 18:35:08.000851,0.0,0.0,0.0
2022-01-18 18:35:08.504098,0.0,0.0,0.0
2022-01-18 18:35:09.003619,0.0,0.0,0.0
2022-01-18 18:35:09.509263,0.0,0.0,0.0
2022-01-18 18:35:10.008090,0.0,0.0,0.0
2022-01-18 18:35:10.502401,0.0,0.0,0.0
2022-01-18 18:35:11.008795,0.0,0.0,0.0
2022-01-18 18:35:11.501217,0.0,0.0,0.0
2022-01-18 18:35:12.010635,0.0,0.0,0.0
2022-01-18 18:35:12.506346,0.0,0.0,0.0
2022-01-18 18:35:13.004606,0.0,0.0,0.0
2022-01-18 18:35:13.509115,0.0,0.0,0.0
2022-01-18 18:35:14.006175,0.0,0.0,0.0
2022-01-18 18:35:14.501213,0.0,0.0,0.0
2022-01-18 18:35:15.009745,0.0,0.0,0.0
2022-01-18 18:35:15.504395,0.0,0.0,0.0
2022-01-18 18:35:16.002810,0.0,0.0,0.0
2022-01-18 18:35:16.502213,0.0,0.0,0.0
2022-01-18 18:35:17.009421,0.0,0.0,0.0
2022-01-18 18:35:17.503572,0.0,0.0,0.0
2022-01-18 18:35:18.002544,0.0,0.0,0.0
2022-01-18 18:35:18.508638,0.0,0.0,0.0
2022-01-18 18:35:19.008960,0.0,0.0,0.0
2022-01-18 18:35:19.503561,0.0,0.0,0.0
2022-01-18 18:35:20.000701,0.0,0.0,0.0
2022-01-18 18:35:20.503156,0.0,0.0,0.0
2022-01-18 18:35:21.010285,0.0,0.0,0.0
2022-01-18 18:35:21.504975,0.0,0.0,0.0
2022-01-18 18:35:22.002781,0.0,0.0,0.0
2022-01-18 18:35:22.506752,0.0,0.0,0.0
2022-01-18 18:35:23.002620,0.0,0.0,0.0
2022-01-18 18:35:23.506104,0.0,0.0,0.0
2022-01-18 18:35:24.002983,0.0,0.0,0.0
2022-01-18 18:35:24.507602,0.0,0.0,0.0
2022-01-18 18:35:25.007914,0.0,0.0,0.0
2022-01-18 18:35:25.503787,0.0,0.0,0.0
2022-01-18 18:35:26.001204,0.0,0.0,0.0
2022-01-18 18:35:26.510231,0.0,0.0,0.0
2022-01-18 18:35:27.008685,0.0,0.0,0.0
2022-01-18 18:35:27.504361,0.0,0.0,0.0
2022-01-18 18:35:28.002412,0.0,0.0,0.0
2022-01-18 18:35:28.505843,0.0,0.0,0.0
2022-01-18 18:35:29.002813,0.0,0.0,0.0
2022-01-18 18:35:29.510267,0.0,0.0,0.0
2022-01-18 18:35:30.007068,0.0,0.0,0.0
2022-01-18 18:35:30.502408,0.0,0.0,0.0
2022-01-18 18:35:31.010140,0.0,0.0,0.0
2022-01-18 18:35:31.504115,0.0,0.0,0.0
2022-01-18 18:35:32.001825,0.0,0.0,0.0
2022-01-18 18:35:32.505972,0.0,0.0,0.0
2022-01-18 18:35:33.004644,0.0,0.0,0.0
2022-01-18 18:35:33.502539,0.0,0.0,0.0
2022-01-18 18:35:34.010663,0.0,0.0,0.0
2022-01-18 18:35:34.507281,0.0,0.0,0.0
2022-01-18 18:35:35.005266,0.0,0.0,0.0
2022-01-18 18:35:35.501432,0.0,0.0,0.0
2022-01-18 18:35:36.008731,0.0,0.0,0.0
2022-01-18 18:35:36.504379,0.0,0.0,0.0
2022-01-18 18:35:37.003076,0.0,0.0,0.0
2022-01-18 18:35:37.508612,0.0,0.0,0.0
2022-01-18 18:35:38.007075,0.0,0.0,0.0
2022-01-18 18:35:38.501471,0.0,0.0,0.0
2022-01-18 18:35:39.010031,0.0,0.0,0.0
2022-01-18 18:35:39.504218,0.0,0.0,0.0
2022-01-18 18:35:40.003043,0.0,0.0,0.0
2022-01-18 18:35:40.507267,0.0,0.0,0.0
2022-01-18 18:35:41.006394,0.0,0.0,0.0
2022-01-18 18:35:41.507957,0.0,0.0,0.0
2022-01-18 18:35:42.006410,0.0,0.0,0.0
2022-01-18 18:35:42.501164,0.0,0.0,0.0
2022-01-18 18:35:43.505957,0.0,0.0,0.0
2022-01-18 18:35:44.003308,0.0,0.0,0.0
2022-01-18 18:35:44.510641,0.0,0.0,0.0
2022-01-18 18:35:45.008385,0.0,0.0,0.0
2022-01-18 18:35:45.504501,0.0,0.0,0.0
2022-01-18 18:35:46.003162,0.0,0.0,0.0
2022-01-18 18:35:46.507662,0.0,0.0,0.0
2022-01-18 18:35:47.005068,0.0,0.0,0.0
2022-01-18 18:35:47.510248,0.0,0.0,0.0
2022-01-18 18:35:48.007650,0.0,0.0,0.0
2022-01-18 18:35:48.503193,0.0,0.0,0.0
2022-01-18 18:35:49.010420,0.0,0.0,0.0
2022-01-18 18:35:49.504678,0.0,0.0,0.0
2022-01-18 18:35:50.001263,0.0,0.0,0.0
2022-01-18 18:35:50.504098,0.0,0.0,0.0
2022-01-18 18:35:51.001863,0.0,0.0,0.0
2022-01-18 18:35:51.507187,0.0,0.0,0.0
2022-01-18 18:35:52.006402,0.0,0.0,0.0
2022-01-18 18:35:52.502768,0.0,0.0,0.0
2022-01-18 18:35:53.010684,0.0,0.0,0.0
2022-01-18 18:35:53.503402,0.0,0.0,0.0
2022-01-18 18:35:54.010467,0.0,0.0,0.0
2022-01-18 18:35:54.506314,0.0,0.0,0.0
2022-01-18 18:35:55.004137,0.0,0.0,0.0
2022-01-18 18:35:55.509895,0.0,0.0,0.0
2022-01-18 18:35:56.006743,0.0,0.0,0.0
2022-01-18 18:35:56.510580,0.0,0.0,0.0
2022-01-18 18:35:57.008227,0.0,0.0,0.0
2022-01-18 18:35:57.503939,0.0,0.0,0.0
2022-01-18 18:35:58.003074,0.0,0.0,0.0
2022-01-18 18:35:58.509405,0.0,0.0,0.0
2022-01-18 18:35:59.007209,0.0,0.0,0.0
2022-01-18 18:35:59.502303,0.0,0.0,0.0
2022-01-18 18:36:00.010301,0.0,0.0,0.0
2022-01-18 18:36:00.505392,0.0,0.0,0.0
2022-01-18 18:36:01.003356,0.0,0.0,0.0
2022-01-18 18:36:01.504164,0.0,0.0,0.0
2022-01-18 18:36:02.002214,0.0,0.0,0.0
2022-01-18 18:36:02.505425,0.0,0.0,0.0
2022-01-18 18:36:03.003391,0.0,0.0,0.0
2022-01-18 18:36:03.508590,0.0,0.0,0.0
2022-01-18 18:36:04.006799,0.0,0.0,0.0
2022-01-18 18:36:04.504634,0.0,0.0,0.0
2022-01-18 18:36:05.000964,0.0,0.0,0.0
2022-01-18 18:36:05.501776,0.0,0.0,0.0
2022-01-18 18:36:06.001176,0.0,0.0,0.0
2022-01-18 18:36:06.506475,0.0,0.0,0.0
2022-01-18 18:36:07.004182,0.0,0.0,0.0
2022-01-18 18:36:07.510487,0.0,0.0,0.0
2022-01-18 18:36:08.007391,0.0,0.0,0.0
2022-01-18 18:36:08.501113,0.0,0.0,0.0
2022-01-18 18:36:09.010524,0.0,0.0,0.0
2022-01-18 18:36:09.505499,0.0,0.0,0.0
2022-01-18 18:36:10.003205,0.0,0.0,0.0
2022-01-18 18:36:10.508739,0.0,0.0,0.0
2022-01-18 18:36:11.008005,0.0,0.0,0.0
2022-01-18 18:36:11.502558,0.0,0.0,0.0
2022-01-18 18:36:12.008862,0.0,0.0,0.0
2022-01-18 18:36:12.503594,0.0,0.0,0.0
2022-01-18 18:36:13.002788,0.0,0.0,0.0
2022-01-18 18:36:13.510715,0.0,0.0,0.0
2022-01-18 18:36:14.010491,0.0,0.0,0.0
2022-01-18 18:36:14.502567,0.0,0.0,0.0
2022-01-18 18:36:15.009814,0.0,0.0,0.0
2022-01-18 18:36:15.505149,0.0,0.0,0.0
2022-01-18 18:36:16.003713,0.0,0.0,0.0
2022-01-18 18:36:16.508377,0.0,0.0,0.0
2022-01-18 18:36:17.007464,0.0,0.0,0.0
2022-01-18 18:36:17.504003,0.0,0.0,0.0
2022-01-18 18:36:18.002121,0.0,0.0,0.0
2022-01-18 18:36:18.507197,0.0,0.0,0.0
2022-01-18 18:36:19.006341,0.0,0.0,0.0
2022-01-18 18:36:19.501247,0.0,0.0,0.0
2022-01-18 18:36:20.010176,0.0,0.0,0.0
2022-01-18 18:36:20.504780,0.0,0.0,0.0
2022-01-18 18:36:21.005055,0.0,0.0,0.0
2022-01-18 18:36:21.509789,0.0,0.0,0.0
2022-01-18 18:36:22.008554,0.0,0.0,0.0
2022-01-18 18:36:22.506542,0.0,0.0,0.0
2022-01-18 18:36:23.003577,0.0,0.0,0.0
2022-01-18 18:36:23.508669,0.0,0.0,0.0
2022-01-18 18:36:24.007169,0.0,0.0,0.0
2022-01-18 18:36:24.502442,0.0,0.0,0.0
2022-01-18 18:36:25.010721,0.0,0.0,0.0
2022-01-18 18:36:25.506078,0.0,0.0,0.0
2022-01-18 18:36:26.003200,0.0,0.0,0.0
2022-01-18 18:36:26.510358,0.0,0.0,0.0
2022-01-18 18:36:27.008049,0.0,0.0,0.0
2022-01-18 18:36:27.502282,0.0,0.0,0.0
2022-01-18 18:36:28.001142,0.0,0.0,0.0
2022-01-18 18:36:28.507669,0.0,0.0,0.0
2022-01-18 18:36:29.005153,0.0,0.0,0.0
2022-01-18 18:36:29.510401,0.0,0.0,0.0
2022-01-18 18:36:30.010095,0.0,0.0,0.0
2022-01-18 18:36:30.507475,0.0,0.0,0.0
2022-01-18 18:36:31.006076,0.0,0.0,0.0
2022-01-18 18:36:31.501567,0.0,0.0,0.0
2022-01-18 18:36:32.008376,0.0,0.0,0.0
2022-01-18 18:36:32.509628,0.0,0.0,0.0
2022-01-18 18:36:33.007935,0.0,0.0,0.0
2022-01-18 18:36:33.503458,0.0,0.0,0.0
2022-01-18 18:36:34.002933,0.0,0.0,0.0
2022-01-18 18:36:34.507546,0.0,0.0,0.0
2022-01-18 18:36:35.005796,0.0,0.0,0.0
2022-01-18 18:36:35.507847,0.0,0.0,0.0
2022-01-18 18:36:36.005048,0.0,0.0,0.0
2022-01-18 18:36:36.509477,0.0,0.0,0.0
2022-01-18 18:36:37.008766,0.0,0.0,0.0
2022-01-18 18:36:37.503145,0.0,0.0,0.0
2022-01-18 18:36:38.002175,0.0,0.0,0.0
2022-01-18 18:36:38.510555,0.0,0.0,0.0
2022-01-18 18:36:39.007798,0.0,0.0,0.0
2022-01-18 18:36:39.504387,0.0,0.0,0.0
2022-01-18 18:36:40.002124,0.0,0.0,0.0
2022-01-18 18:36:40.507443,0.0,0.0,0.0
2022-01-18 18:36:41.007434,0.0,0.0,0.0
2022-01-18 18:36:41.502822,0.0,0.0,0.0
2022-01-18 18:36:42.001835,0.0,0.0,0.0
2022-01-18 18:36:42.505625,0.0,0.0,0.0
2022-01-18 18:36:43.002851,0.0,0.0,0.0
2022-01-18 18:36:43.509264,0.0,0.0,0.0
2022-01-18 18:36:44.008949,0.0,0.0,0.0
2022-01-18 18:36:44.503917,0.0,0.0,0.0
2022-01-18 18:36:45.002395,0.0,0.0,0.0
2022-01-18 18:36:45.509508,0.0,0.0,0.0
2022-01-18 18:36:46.007273,0.0,0.0,0.0
2022-01-18 18:36:46.501869,0.0,0.0,0.0
2022-01-18 18:36:47.008835,0.0,0.0,0.0
2022-01-18 18:36:47.510499,0.0,0.0,0.0
2022-01-18 18:36:48.007879,0.0,0.0,0.0
2022-01-18 18:36:48.504332,0.0,0.0,0.0
2022-01-18 18:36:49.003085,0.0,0.0,0.0
2022-01-18 18:36:49.507836,0.0,0.0,0.0
2022-01-18 18:36:50.004611,0.0,0.0,0.0
2022-01-18 18:36:50.505818,0.0,0.0,0.0
2022-01-18 18:36:51.004384,0.0,0.0,0.0
2022-01-18 18:36:51.501760,0.0,0.0,0.0
2022-01-18 18:36:52.009228,0.0,0.0,0.0
2022-01-18 18:36:52.503377,0.0,0.0,0.0
2022-01-18 18:36:53.002341,0.0,0.0,0.0
2022-01-18 18:36:53.507172,0.0,0.0,0.0
2022-01-18 18:36:54.003856,0.0,0.0,0.0
2022-01-18 18:36:54.509042,0.0,0.0,0.0
2022-01-18 18:36:55.006558,0.0,0.0,0.0
2022-01-18 18:36:55.501944,0.0,0.0,0.0
2022-01-18 18:36:56.009124,0.0,0.0,0.0
2022-01-18 18:36:56.502598,0.0,0.0,0.0
2022-01-18 18:36:57.010190,0.0,0.0,0.0
2022-01-18 18:36:57.507490,0.0,0.0,0.0
2022-01-18 18:36:58.004968,0.0,0.0,0.0
2022-01-18 18:36:58.510668,0.0,0.0,0.0
2022-01-18 18:36:59.007079,0.0,0.0,0.0
2022-01-18 18:36:59.510560,0.0,0.0,0.0
2022-01-18 18:37:00.007544,0.0,0.0,0.0
2022-01-18 18:37:00.502407,0.0,0.0,0.0
2022-01-18 18:37:01.010756,0.0,0.0,0.0
2022-01-18 18:37:01.506728,0.0,0.0,0.0
2022-01-18 18:37:02.003034,0.0,0.0,0.0
2022-01-18 18:37:02.504697,0.0,0.0,0.0
2022-01-18 18:37:03.003484,0.0,0.0,0.0
2022-01-18 18:37:03.509331,0.0,0.0,0.0
2022-01-18 18:37:04.007043,0.0,0.0,0.0
2022-01-18 18:37:04.503385,0.0,0.0,0.0
2022-01-18 18:37:05.002102,0.0,0.0,0.0
2022-01-18 18:37:05.509070,0.0,0.0,0.0
2022-01-18 18:37:06.006472,0.0,0.0,0.0
2022-01-18 18:37:06.503334,0.0,0.0,0.0
2022-01-18 18:37:07.003406,0.0,0.0,0.0
2022-01-18 18:37:07.510502,0.0,0.0,0.0
2022-01-18 18:37:08.010182,0.0,0.0,0.0
2022-01-18 18:37:08.502910,0.0,0.0,0.0
2022-01-18 18:37:09.010910,0.0,0.0,0.0
2022-01-18 18:37:09.505727,0.0,0.0,0.0
2022-01-18 18:37:10.004472,0.0,0.0,0.0
2022-01-18 18:37:10.509818,0.0,0.0,0.0
2022-01-18 18:37:11.006582,0.0,0.0,0.0
2022-01-18 18:37:11.510465,0.0,0.0,0.0
2022-01-18 18:37:12.009482,0.0,0.0,0.0
2022-01-18 18:37:12.507425,0.0,0.0,0.0
2022-01-18 18:37:13.005027,0.0,0.0,0.0
2022-01-18 18:37:13.509322,0.0,0.0,0.0
2022-01-18 18:37:14.005954,0.0,0.0,0.0
2022-01-18 18:37:14.502921,0.0,0.0,0.0
2022-01-18 18:37:15.008933,0.0,0.0,0.0
2022-01-18 18:37:15.510804,0.0,0.0,0.0
2022-01-18 18:37:16.006096,0.0,0.0,0.0
2022-01-18 18:37:16.509656,0.0,0.0,0.0
2022-01-18 18:37:17.007992,0.0,0.0,0.0
2022-01-18 18:37:17.511142,0.0,0.0,0.0
2022-01-18 18:37:18.010404,0.0,0.0,0.0
2022-01-18 18:37:18.508459,0.0,0.0,0.0
2022-01-18 18:37:19.007421,0.0,0.0,0.0
2022-01-18 18:37:19.503067,0.0,0.0,0.0
2022-01-18 18:37:20.002802,0.0,0.0,0.0
2022-01-18 18:37:20.508380,0.0,0.0,0.0
2022-01-18 18:37:21.005345,0.0,0.0,0.0
2022-01-18 18:37:21.510603,0.0,0.0,0.0
2022-01-18 18:37:22.007863,0.0,0.0,0.0
2022-01-18 18:37:22.503209,0.0,0.0,0.0
2022-01-18 18:37:23.003458,0.0,0.0,0.0
2022-01-18 18:37:23.509881,0.0,0.0,0.0
2022-01-18 18:37:24.009038,0.0,0.0,0.0
2022-01-18 18:37:24.504212,0.0,0.0,0.0
2022-01-18 18:37:25.003558,0.0,0.0,0.0
2022-01-18 18:37:25.509134,0.0,0.0,0.0
2022-01-18 18:37:26.009105,0.0,0.0,0.0
2022-01-18 18:37:26.502188,0.0,0.0,0.0
2022-01-18 18:37:27.010127,0.0,0.0,0.0
2022-01-18 18:37:27.508679,0.0,0.0,0.0
2022-01-18 18:37:28.006879,0.0,0.0,0.0
2022-01-18 18:37:28.502131,0.0,0.0,0.0
2022-01-18 18:37:29.009645,0.0,0.0,0.0
2022-01-18 18:37:29.506507,0.0,0.0,0.0
2022-01-18 18:37:30.005526,0.0,0.0,0.0
2022-01-18 18:37:30.510969,0.0,0.0,0.0
2022-01-18 18:37:31.008418,0.0,0.0,0.0
2022-01-18 18:37:31.502114,0.0,0.0,0.0
2022-01-18 18:37:32.000825,0.0,0.0,0.0
2022-01-18 18:37:32.506371,0.0,0.0,0.0
2022-01-18 18:37:33.004523,0.0,0.0,0.0
2022-01-18 18:37:33.501997,0.0,0.0,0.0
2022-01-18 18:37:34.010748,0.0,0.0,0.0
2022-01-18 18:37:34.505044,0.0,0.0,0.0
2022-01-18 18:37:35.004088,0.0,0.0,0.0
2022-01-18 18:37:35.507517,0.0,0.0,0.0
2022-01-18 18:37:36.004895,0.0,0.0,0.0
2022-01-18 18:37:36.501806,0.0,0.0,0.0
2022-01-18 18:37:37.001861,0.0,0.0,0.0
2022-01-18 18:37:37.506927,0.0,0.0,0.0
2022-01-18 18:37:38.004627,0.0,0.0,0.0
2022-01-18 18:37:38.508487,0.0,0.0,0.0
2022-01-18 18:37:39.006951,0.0,0.0,0.0
2022-01-18 18:37:39.502470,0.0,0.0,0.0
2022-01-18 18:37:40.010754,0.0,0.0,0.0
2022-01-18 18:37:40.506476,0.0,0.0,0.0
2022-01-18 18:37:41.002221,0.0,0.0,0.0
2022-01-18 18:37:41.509567,0.0,0.0,0.0
2022-01-18 18:37:42.007690,0.0,0.0,0.0
2022-01-18 18:37:42.501323,0.0,0.0,0.0
2022-01-18 18:37:43.006759,0.0,0.0,0.0
2022-01-18 18:37:43.502286,0.0,0.0,0.0
2022-01-18 18:37:44.004877,0.0,0.0,0.0
2022-01-18 18:37:44.508698,0.0,0.0,0.0
2022-01-18 18:37:45.006835,0.0,0.0,0.0
2022-01-18 18:37:45.505005,0.0,0.0,0.0
2022-01-18 18:37:46.004204,0.0,0.0,0.0
2022-01-18 18:37:46.508614,0.0,0.0,0.0
2022-01-18 18:37:47.007398,0.0,0.0,0.0
2022-01-18 18:37:47.502839,0.0,0.0,0.0
2022-01-18 18:37:48.010610,0.0,0.0,0.0
2022-01-18 18:37:48.505755,0.0,0.0,0.0
2022-01-18 18:37:49.004487,0.0,0.0,0.0
2022-01-18 18:37:49.509300,0.0,0.0,0.0
2022-01-18 18:37:50.000873,0.0,0.0,0.0
2022-01-18 18:37:50.503865,0.0,0.0,0.0
2022-01-18 18:37:51.002082,0.0,0.0,0.0
2022-01-18 18:37:51.507384,0.0,0.0,0.0
2022-01-18 18:37:52.004127,0.0,0.0,0.0
2022-01-18 18:37:52.508997,0.0,0.0,0.0
2022-01-18 18:37:53.006055,0.0,0.0,0.0
2022-01-18 18:37:53.510365,0.0,0.0,0.0
2022-01-18 18:37:54.007846,0.0,0.0,0.0
2022-01-18 18:37:54.504494,0.0,0.0,0.0
2022-01-18 18:37:55.001990,0.0,0.0,0.0
2022-01-18 18:37:55.509059,0.0,0.0,0.0
2022-01-18 18:37:56.006110,0.0,0.0,0.0
2022-01-18 18:37:56.501837,0.0,0.0,0.0
2022-01-18 18:37:57.009884,0.0,0.0,0.0
2022-01-18 18:37:57.506232,0.0,0.0,0.0
2022-01-18 18:37:58.004485,0.0,0.0,0.0
2022-01-18 18:37:58.508584,0.0,0.0,0.0
2022-01-18 18:37:59.006184,0.0,0.0,0.0
2022-01-18 18:37:59.509150,0.0,0.0,0.0
2022-01-18 18:38:00.006231,0.0,0.0,0.0
2022-01-18 18:38:00.501627,0.0,0.0,0.0
2022-01-18 18:38:01.009466,0.0,0.0,0.0
2022-01-18 18:38:01.504517,0.0,0.0,0.0
2022-01-18 18:38:02.001292,0.0,0.0,0.0
2022-01-18 18:38:02.503760,0.0,0.0,0.0
2022-01-18 18:38:03.001319,0.0,0.0,0.0
2022-01-18 18:38:03.506821,0.0,0.0,0.0
2022-01-18 18:38:04.004611,0.0,0.0,0.0
2022-01-18 18:38:04.509984,0.0,0.0,0.0
2022-01-18 18:38:05.004731,0.0,0.0,0.0
2022-01-18 18:38:05.509443,0.0,0.0,0.0
2022-01-18 18:38:06.008216,0.0,0.0,0.0
2022-01-18 18:38:06.503423,0.0,0.0,0.0
2022-01-18 18:38:07.002634,0.0,0.0,0.0
2022-01-18 18:38:07.506820,0.0,0.0,0.0
2022-01-18 18:38:08.004986,0.0,0.0,0.0
2022-01-18 18:38:08.510364,0.0,0.0,0.0
2022-01-18 18:38:09.008081,0.0,0.0,0.0
2022-01-18 18:38:09.502693,0.0,0.0,0.0
2022-01-18 18:38:10.001097,0.0,0.0,0.0
2022-01-18 18:38:10.505237,0.0,0.0,0.0
2022-01-18 18:38:11.008128,0.0,0.0,0.0
2022-01-18 18:38:11.502994,0.0,0.0,0.0
2022-01-18 18:38:12.002497,0.0,0.0,0.0
2022-01-18 18:38:12.507935,0.0,0.0,0.0
2022-01-18 18:38:13.006647,0.0,0.0,0.0
2022-01-18 18:38:13.501446,0.0,0.0,0.0
2022-01-18 18:38:14.009093,0.0,0.0,0.0
2022-01-18 18:38:14.504599,0.0,0.0,0.0
2022-01-18 18:38:15.002424,0.0,0.0,0.0
2022-01-18 18:38:15.509125,0.0,0.0,0.0
2022-01-18 18:38:16.007523,0.0,0.0,0.0
2022-01-18 18:38:16.502110,0.0,0.0,0.0
2022-01-18 18:38:17.010276,0.0,0.0,0.0
2022-01-18 18:38:17.503461,0.0,0.0,0.0
2022-01-18 18:38:18.003007,0.0,0.0,0.0
2022-01-18 18:38:18.508778,0.0,0.0,0.0
2022-01-18 18:38:19.006367,0.0,0.0,0.0
2022-01-18 18:38:19.501219,0.0,0.0,0.0
2022-01-18 18:38:20.010084,0.0,0.0,0.0
2022-01-18 18:38:20.506198,0.0,0.0,0.0
2022-01-18 18:38:21.004126,0.0,0.0,0.0
2022-01-18 18:38:21.508911,0.0,0.0,0.0
2022-01-18 18:38:22.007376,0.0,0.0,0.0
2022-01-18 18:38:22.501769,0.0,0.0,0.0
2022-01-18 18:38:23.008334,0.0,0.0,0.0
2022-01-18 18:38:23.511022,0.0,0.0,0.0
2022-01-18 18:38:24.009825,0.0,0.0,0.0
2022-01-18 18:38:24.506467,0.0,0.0,0.0
2022-01-18 18:38:25.004426,0.0,0.0,0.0
2022-01-18 18:38:26.003628,0.0,0.0,0.0
2022-01-18 18:38:26.508317,0.0,0.0,0.0
2022-01-18 18:38:27.006559,0.0,0.0,0.0
2022-01-18 18:38:27.501451,0.0,0.0,0.0
2022-01-18 18:38:28.009906,0.0,0.0,0.0
2022-01-18 18:38:28.505162,0.0,0.0,0.0
2022-01-18 18:38:29.002677,0.0,0.0,0.0
2022-01-18 18:38:29.501371,0.0,0.0,0.0
2022-01-18 18:38:30.008256,0.0,0.0,0.0
2022-01-18 18:38:30.504077,0.0,0.0,0.0
2022-01-18 18:38:31.002644,0.0,0.0,0.0
2022-01-18 18:38:31.507865,0.0,0.0,0.0
2022-01-18 18:38:32.004491,0.0,0.0,0.0
2022-01-18 18:38:32.509372,0.0,0.0,0.0
2022-01-18 18:38:33.006755,0.0,0.0,0.0
2022-01-18 18:38:33.510337,0.0,0.0,0.0
2022-01-18 18:38:34.009331,0.0,0.0,0.0
2022-01-18 18:38:34.503325,0.0,0.0,0.0
2022-01-18 18:38:35.002727,0.0,0.0,0.0
2022-01-18 18:38:35.509036,0.0,0.0,0.0
2022-01-18 18:38:36.007787,0.0,0.0,0.0
2022-01-18 18:38:36.501625,0.0,0.0,0.0
2022-01-18 18:38:37.010558,0.0,0.0,0.0
2022-01-18 18:38:37.506519,0.0,0.0,0.0
2022-01-18 18:38:38.003370,0.0,0.0,0.0
2022-01-18 18:38:38.509811,0.0,0.0,0.0
2022-01-18 18:38:39.009095,0.0,0.0,0.0
2022-01-18 18:38:39.505200,0.0,0.0,0.0
2022-01-18 18:38:40.003583,0.0,0.0,0.0
2022-01-18 18:38:40.508963,0.0,0.0,0.0
2022-01-18 18:38:41.006536,0.0,0.0,0.0
2022-01-18 18:38:41.501316,0.0,0.0,0.0
2022-01-18 18:38:42.010358,0.0,0.0,0.0
2022-01-18 18:38:42.504021,0.0,0.0,0.0
2022-01-18 18:38:43.002448,0.0,0.0,0.0
2022-01-18 18:38:43.507911,0.0,0.0,0.0
2022-01-18 18:38:44.009094,0.0,0.0,0.0
2022-01-18 18:38:44.503414,0.0,0.0,0.0
2022-01-18 18:38:45.010752,0.0,0.0,0.0
2022-01-18 18:38:45.506567,0.0,0.0,0.0
2022-01-18 18:38:46.004281,0.0,0.0,0.0
2022-01-18 18:38:46.510523,0.0,0.0,0.0
2022-01-18 18:38:47.008740,0.0,0.0,0.0
2022-01-18 18:38:47.505180,0.0,0.0,0.0
2022-01-18 18:38:48.003151,0.0,0.0,0.0
2022-01-18 18:38:48.509217,0.0,0.0,0.0
2022-01-18 18:38:49.007393,0.0,0.0,0.0
2022-01-18 18:38:49.502738,0.0,0.0,0.0
2022-01-18 18:38:50.002208,0.0,0.0,0.0
2022-01-18 18:38:50.508232,0.0,0.0,0.0
2022-01-18 18:38:51.007452,0.0,0.0,0.0
2022-01-18 18:38:51.501263,0.0,0.0,0.0
2022-01-18 18:38:52.007052,0.0,0.0,0.0
2022-01-18 18:38:52.508344,0.0,0.0,0.0
2022-01-18 18:38:53.002269,0.0,0.0,0.0
2022-01-18 18:38:53.508088,0.0,0.0,0.0
2022-01-18 18:38:54.006693,0.0,0.0,0.0
2022-01-18 18:38:54.508988,0.0,0.0,0.0
2022-01-18 18:38:55.010610,0.0,0.0,0.0
2022-01-18 18:38:55.502428,0.0,0.0,0.0
2022-01-18 18:38:56.009571,0.0,0.0,0.0
2022-01-18 18:38:56.505353,0.0,0.0,0.0
2022-01-18 18:38:57.002623,0.0,0.0,0.0
2022-01-18 18:38:57.506960,0.0,0.0,0.0
2022-01-18 18:38:58.005130,0.0,0.0,0.0
2022-01-18 18:38:58.511009,0.0,0.0,0.0
2022-01-18 18:38:59.008081,0.0,0.0,0.0
2022-01-18 18:38:59.503656,0.0,0.0,0.0
2022-01-18 18:39:00.003525,0.0,0.0,0.0
2022-01-18 18:39:00.508826,0.0,0.0,0.0
2022-01-18 18:39:01.005395,0.0,0.0,0.0
2022-01-18 18:39:01.507616,0.0,0.0,0.0
2022-01-18 18:39:02.008675,0.0,0.0,0.0
2022-01-18 18:39:02.508666,0.0,0.0,0.0
2022-01-18 18:39:03.009144,0.0,0.0,0.0
2022-01-18 18:39:03.510495,0.0,0.0,0.0
2022-01-18 18:39:04.002499,0.0,0.0,0.0
2022-01-18 18:39:04.502717,0.0,0.0,0.0
2022-01-18 18:39:05.004518,0.0,0.0,0.0
2022-01-18 18:39:05.507755,0.0,0.0,0.0
2022-01-18 18:39:06.010825,0.0,0.0,0.0
2022-01-18 18:39:06.503122,0.0,0.0,0.0
2022-01-18 18:39:07.008794,0.0,0.0,0.0
2022-01-18 18:39:07.501913,0.0,0.0,0.0
2022-01-18 18:39:08.003278,0.0,0.0,0.0
2022-01-18 18:39:08.501480,0.0,0.0,0.0
2022-01-18 18:39:09.008228,0.0,0.0,0.0
2022-01-18 18:39:09.506294,0.0,0.0,0.0
2022-01-18 18:39:10.008953,0.0,0.0,0.0
2022-01-18 18:39:10.500636,0.0,0.0,0.0
2022-01-18 18:39:11.003377,0.0,0.0,0.0
2022-01-18 18:39:11.507115,0.0,0.0,0.0
2022-01-18 18:39:12.007670,0.0,0.0,0.0
2022-01-18 18:39:12.508079,0.0,0.0,0.0
2022-01-18 18:39:13.010832,0.0,0.0,0.0
2022-01-18 18:39:13.505465,0.0,0.0,0.0
2022-01-18 18:39:14.010076,0.0,0.0,0.0
2022-01-18 18:39:14.501566,0.0,0.0,0.0
2022-01-18 18:39:15.007024,0.0,0.0,0.0
2022-01-18 18:39:15.506011,0.0,0.0,0.0
2022-01-18 18:39:16.007527,0.0,0.0,0.0
2022-01-18 18:39:16.507883,0.0,0.0,0.0
2022-01-18 18:39:17.006441,0.0,0.0,0.0
2022-01-18 18:39:17.505422,0.0,0.0,0.0
2022-01-18 18:39:18.002299,0.0,0.0,0.0
2022-01-18 18:39:18.506786,0.0,0.0,0.0
2022-01-18 18:39:19.005497,0.0,0.0,0.0
2022-01-18 18:39:19.501207,0.0,0.0,0.0
2022-01-18 18:39:20.002496,0.0,0.0,0.0
2022-01-18 18:39:20.508399,0.0,0.0,0.0
2022-01-18 18:39:21.006138,0.0,0.0,0.0
2022-01-18 18:39:21.510830,0.0,0.0,0.0
2022-01-18 18:39:22.009841,0.0,0.0,0.0
2022-01-18 18:39:22.505003,0.0,0.0,0.0
2022-01-18 18:39:23.002721,0.0,0.0,0.0
2022-01-18 18:39:23.508721,0.0,0.0,0.0
2022-01-18 18:39:24.006420,0.0,0.0,0.0
2022-01-18 18:39:24.510846,0.0,0.0,0.0
2022-01-18 18:39:25.010168,0.0,0.0,0.0
2022-01-18 18:39:25.503449,0.0,0.0,0.0
2022-01-18 18:39:26.001148,0.0,0.0,0.0
2022-01-18 18:39:26.507380,0.0,0.0,0.0
2022-01-18 18:39:27.003881,0.0,0.0,0.0
2022-01-18 18:39:27.511193,0.0,0.0,0.0
2022-01-18 18:39:28.008506,0.0,0.0,0.0
2022-01-18 18:39:28.503067,0.0,0.0,0.0
2022-01-18 18:39:29.001859,0.0,0.0,0.0
2022-01-18 18:39:29.506863,0.0,0.0,0.0
2022-01-18 18:39:30.004954,0.0,0.0,0.0
2022-01-18 18:39:31.005131,0.0,0.0,0.0
2022-01-18 18:39:31.510758,0.0,0.0,0.0
2022-01-18 18:39:32.007440,0.0,0.0,0.0
2022-01-18 18:39:32.502323,0.0,0.0,0.0
2022-01-18 18:39:33.006850,0.0,0.0,0.0
2022-01-18 18:39:33.503245,0.0,0.0,0.0
2022-01-18 18:39:34.009758,0.0,0.0,0.0
2022-01-18 18:39:34.505839,0.0,0.0,0.0
2022-01-18 18:39:35.004049,0.0,0.0,0.0
2022-01-18 18:39:35.510639,0.0,0.0,0.0
2022-01-18 18:39:36.009117,0.0,0.0,0.0
2022-01-18 18:39:36.505087,0.0,0.0,0.0
2022-01-18 18:39:37.002679,0.0,0.0,0.0
2022-01-18 18:39:37.508647,0.0,0.0,0.0
2022-01-18 18:39:38.007037,0.0,0.0,0.0
2022-01-18 18:39:38.510802,0.0,0.0,0.0
2022-01-18 18:39:39.008567,0.0,0.0,0.0
2022-01-18 18:39:39.503213,0.0,0.0,0.0
2022-01-18 18:39:40.003735,0.0,0.0,0.0
2022-01-18 18:39:40.509150,0.0,0.0,0.0
2022-01-18 18:39:41.008448,0.0,0.0,0.0
2022-01-18 18:39:41.504028,0.0,0.0,0.0
2022-01-18 18:39:42.001476,0.0,0.0,0.0
2022-01-18 18:39:42.503976,0.0,0.0,0.0
2022-01-18 18:39:43.001489,0.0,0.0,0.0
2022-01-18 18:39:43.509454,0.0,0.0,0.0
2022-01-18 18:39:44.011000,0.0,0.0,0.0
2022-01-18 18:39:44.504025,0.0,0.0,0.0
2022-01-18 18:39:45.010426,0.0,0.0,0.0
2022-01-18 18:39:45.505970,0.0,0.0,0.0
2022-01-18 18:39:46.002552,0.0,0.0,0.0
2022-01-18 18:39:46.505779,0.0,0.0,0.0
2022-01-18 18:39:47.010119,0.0,0.0,0.0
2022-01-18 18:39:47.503246,0.0,0.0,0.0
2022-01-18 18:39:48.007215,0.0,0.0,0.0
2022-01-18 18:39:48.501413,0.0,0.0,0.0
2022-01-18 18:39:49.009199,0.0,0.0,0.0
2022-01-18 18:39:49.503628,0.0,0.0,0.0
2022-01-18 18:39:50.504901,0.0,0.0,0.0
2022-01-18 18:39:51.003457,0.0,0.0,0.0
2022-01-18 18:39:51.508173,0.0,0.0,0.0
2022-01-18 18:39:52.006026,0.0,0.0,0.0
2022-01-18 18:39:52.510550,0.0,0.0,0.0
2022-01-18 18:39:53.009114,0.0,0.0,0.0
2022-01-18 18:39:53.503131,0.0,0.0,0.0
2022-01-18 18:39:54.009409,0.0,0.0,0.0
2022-01-18 18:39:54.503677,0.0,0.0,0.0
2022-01-18 18:39:55.002608,0.0,0.0,0.0
2022-01-18 18:39:55.507928,0.0,0.0,0.0
2022-01-18 18:39:56.006651,0.0,0.0,0.0
2022-01-18 18:39:56.502095,0.0,0.0,0.0
2022-01-18 18:39:57.009970,0.0,0.0,0.0
2022-01-18 18:39:57.506000,0.0,0.0,0.0
2022-01-18 18:39:58.004138,0.0,0.0,0.0
2022-01-18 18:39:58.507461,0.0,0.0,0.0
2022-01-18 18:39:59.005208,0.0,0.0,0.0
2022-01-18 18:39:59.510387,0.0,0.0,0.0
2022-01-18 18:40:00.010100,0.0,0.0,0.0
2022-01-18 18:40:00.506801,0.0,0.0,0.0
2022-01-18 18:40:01.004668,0.0,0.0,0.0
2022-01-18 18:40:01.510394,0.0,0.0,0.0
2022-01-18 18:40:02.008944,0.0,0.0,0.0
2022-01-18 18:40:02.503677,0.0,0.0,0.0
2022-01-18 18:40:03.004387,0.0,0.0,0.0
2022-01-18 18:40:03.510019,0.0,0.0,0.0
2022-01-18 18:40:04.008288,0.0,0.0,0.0
2022-01-18 18:40:04.502024,0.0,0.0,0.0
2022-01-18 18:40:05.010408,0.0,0.0,0.0
2022-01-18 18:40:05.506662,0.0,0.0,0.0
2022-01-18 18:40:06.004821,0.0,0.0,0.0
2022-01-18 18:40:06.507864,0.0,0.0,0.0
2022-01-18 18:40:07.006508,0.0,0.0,0.0
2022-01-18 18:40:07.501683,0.0,0.0,0.0
2022-01-18 18:40:08.010088,0.0,0.0,0.0
2022-01-18 18:40:08.505749,0.0,0.0,0.0
2022-01-18 18:40:09.002891,0.0,0.0,0.0
2022-01-18 18:40:09.506459,0.0,0.0,0.0
2022-01-18 18:40:10.005173,0.0,0.0,0.0
2022-01-18 18:40:10.509293,0.0,0.0,0.0
2022-01-18 18:40:11.006719,0.0,0.0,0.0
2022-01-18 18:40:11.501917,0.0,0.0,0.0
2022-01-18 18:40:12.009346,0.0,0.0,0.0
2022-01-18 18:40:12.502737,0.0,0.0,0.0
2022-01-18 18:40:13.010933,0.0,0.0,0.0
2022-01-18 18:40:13.503728,0.0,0.0,0.0
2022-01-18 18:40:14.010633,0.0,0.0,0.0
2022-01-18 18:40:14.506689,0.0,0.0,0.0
2022-01-18 18:40:15.003852,0.0,0.0,0.0
2022-01-18 18:40:15.507413,0.0,0.0,0.0
2022-01-18 18:40:16.006792,0.0,0.0,0.0
2022-01-18 18:40:17.003884,0.0,0.0,0.0
2022-01-18 18:40:17.508703,0.0,0.0,0.0
2022-01-18 18:40:18.006397,0.0,0.0,0.0
2022-01-18 18:40:18.502324,0.0,0.0,0.0
2022-01-18 18:40:19.008958,0.0,0.0,0.0
2022-01-18 18:40:19.506022,0.0,0.0,0.0
2022-01-18 18:40:20.002883,0.0,0.0,0.0
2022-01-18 18:40:20.507506,0.0,0.0,0.0
2022-01-18 18:40:21.003950,0.0,0.0,0.0
2022-01-18 18:40:21.506619,0.0,0.0,0.0
2022-01-18 18:40:22.004125,0.0,0.0,0.0
2022-01-18 18:40:22.509540,0.0,0.0,0.0
2022-01-18 18:40:23.008062,0.0,0.0,0.0
2022-01-18 18:40:23.503508,0.0,0.0,0.0
2022-01-18 18:40:24.002458,0.0,0.0,0.0
2022-01-18 18:40:24.507010,0.0,0.0,0.0
2022-01-18 18:40:25.004272,0.0,0.0,0.0
2022-01-18 18:40:25.508897,0.0,0.0,0.0
2022-01-18 18:40:26.006384,0.0,0.0,0.0
2022-01-18 18:40:26.501501,0.0,0.0,0.0
2022-01-18 18:40:27.009369,0.0,0.0,0.0
2022-01-18 18:40:27.504350,0.0,0.0,0.0
2022-01-18 18:40:28.003484,0.0,0.0,0.0
2022-01-18 18:40:28.510312,0.0,0.0,0.0
2022-01-18 18:40:29.007362,0.0,0.0,0.0
2022-01-18 18:40:29.510650,0.0,0.0,0.0
2022-01-18 18:40:30.007648,0.0,0.0,0.0
2022-01-18 18:40:30.501109,0.0,0.0,0.0
2022-01-18 18:40:31.008525,0.0,0.0,0.0
2022-01-18 18:40:31.502795,0.0,0.0,0.0
2022-01-18 18:40:32.011013,0.0,0.0,0.0
2022-01-18 18:40:32.505464,0.0,0.0,0.0
2022-01-18 18:40:33.003961,0.0,0.0,0.0
2022-01-18 18:40:33.508384,0.0,0.0,0.0
2022-01-18 18:40:34.006839,0.0,0.0,0.0
2022-01-18 18:40:34.501034,0.0,0.0,0.0
2022-01-18 18:40:35.009026,0.0,0.0,0.0
2022-01-18 18:40:35.503344,0.0,0.0,0.0
2022-01-18 18:40:36.001850,0.0,0.0,0.0
2022-01-18 18:40:36.505123,0.0,0.0,0.0
2022-01-18 18:40:37.003860,0.0,0.0,0.0
2022-01-18 18:40:37.502783,0.0,0.0,0.0
2022-01-18 18:40:38.010786,0.0,0.0,0.0
2022-01-18 18:40:38.505102,0.0,0.0,0.0
2022-01-18 18:40:39.003195,0.0,0.0,0.0
2022-01-18 18:40:39.507659,0.0,0.0,0.0
2022-01-18 18:40:40.005534,0.0,0.0,0.0
2022-01-18 18:40:40.510657,0.0,0.0,0.0
2022-01-18 18:40:41.008024,0.0,0.0,0.0
2022-01-18 18:40:41.502721,0.0,0.0,0.0
2022-01-18 18:40:42.000892,0.0,0.0,0.0
2022-01-18 18:40:42.503566,0.0,0.0,0.0
2022-01-18 18:40:43.001101,0.0,0.0,0.0
2022-01-18 18:40:43.506325,0.0,0.0,0.0
2022-01-18 18:40:44.003891,0.0,0.0,0.0
2022-01-18 18:40:44.508987,0.0,0.0,0.0
2022-01-18 18:40:45.006615,0.0,0.0,0.0
2022-01-18 18:40:45.502994,0.0,0.0,0.0
2022-01-18 18:40:46.009965,0.0,0.0,0.0
2022-01-18 18:40:46.506780,0.0,0.0,0.0
2022-01-18 18:40:47.003994,0.0,0.0,0.0
2022-01-18 18:40:47.507209,0.0,0.0,0.0
2022-01-18 18:40:48.006166,0.0,0.0,0.0
2022-01-18 18:40:48.510655,0.0,0.0,0.0
2022-01-18 18:40:49.008519,0.0,0.0,0.0
2022-01-18 18:40:49.502642,0.0,0.0,0.0
2022-01-18 18:40:50.009930,0.0,0.0,0.0
2022-01-18 18:40:50.503818,0.0,0.0,0.0
2022-01-18 18:40:51.001934,0.0,0.0,0.0
2022-01-18 18:40:51.507056,0.0,0.0,0.0
2022-01-18 18:40:52.004525,0.0,0.0,0.0
2022-01-18 18:40:52.508628,0.0,0.0,0.0
2022-01-18 18:40:53.006603,0.0,0.0,0.0
2022-01-18 18:40:53.510520,0.0,0.0,0.0
2022-01-18 18:40:54.007427,0.0,0.0,0.0
2022-01-18 18:40:54.501374,0.0,0.0,0.0
2022-01-18 18:40:55.009846,0.0,0.0,0.0
2022-01-18 18:40:55.505555,0.0,0.0,0.0
2022-01-18 18:40:56.003602,0.0,0.0,0.0
2022-01-18 18:40:56.507899,0.0,0.0,0.0
2022-01-18 18:40:57.005262,0.0,0.0,0.0
2022-01-18 18:40:57.509721,0.0,0.0,0.0
2022-01-18 18:40:58.007829,0.0,0.0,0.0
2022-01-18 18:40:58.502098,0.0,0.0,0.0
2022-01-18 18:40:59.001874,0.0,0.0,0.0
2022-01-18 18:40:59.507724,0.0,0.0,0.0
2022-01-18 18:41:00.005747,0.0,0.0,0.0
2022-01-18 18:41:00.501249,0.0,0.0,0.0
2022-01-18 18:41:01.010258,0.0,0.0,0.0
2022-01-18 18:41:01.503315,0.0,0.0,0.0
2022-01-18 18:41:02.010716,0.0,0.0,0.0
2022-01-18 18:41:02.505449,0.0,0.0,0.0
2022-01-18 18:41:03.003353,0.0,0.0,0.0
2022-01-18 18:41:03.511043,0.0,0.0,0.0
2022-01-18 18:41:04.008529,0.0,0.0,0.0
2022-01-18 18:41:04.501798,0.0,0.0,0.0
2022-01-18 18:41:05.009211,0.0,0.0,0.0
2022-01-18 18:41:05.505139,0.0,0.0,0.0
2022-01-18 18:41:06.006982,0.0,0.0,0.0
2022-01-18 18:41:06.511007,0.0,0.0,0.0
2022-01-18 18:41:07.008935,0.0,0.0,0.0
2022-01-18 18:41:07.503665,0.0,0.0,0.0
2022-01-18 18:41:08.002649,0.0,0.0,0.0
2022-01-18 18:41:08.508124,0.0,0.0,0.0
2022-01-18 18:41:09.006026,0.0,0.0,0.0
2022-01-18 18:41:09.510917,0.0,0.0,0.0
2022-01-18 18:41:10.009348,0.0,0.0,0.0
2022-01-18 18:41:10.503663,0.0,0.0,0.0
2022-01-18 18:41:11.007663,0.0,0.0,0.0
2022-01-18 18:41:11.502322,0.0,0.0,0.0
2022-01-18 18:41:12.001045,0.0,0.0,0.0
2022-01-18 18:41:12.505092,0.0,0.0,0.0
2022-01-18 18:41:13.002765,0.0,0.0,0.0
2022-01-18 18:41:13.507244,0.0,0.0,0.0
2022-01-18 18:41:14.004266,0.0,0.0,0.0
2022-01-18 18:41:14.508907,0.0,0.0,0.0
2022-01-18 18:41:15.005751,0.0,0.0,0.0
2022-01-18 18:41:15.509526,0.0,0.0,0.0
2022-01-18 18:41:16.007493,0.0,0.0,0.0
2022-01-18 18:41:16.504494,0.0,0.0,0.0
2022-01-18 18:41:17.001740,0.0,0.0,0.0
2022-01-18 18:41:17.505845,0.0,0.0,0.0
2022-01-18 18:41:18.002827,0.0,0.0,0.0
2022-01-18 18:41:18.507461,0.0,0.0,0.0
2022-01-18 18:41:19.005314,0.0,0.0,0.0
2022-01-18 18:41:19.511191,0.0,0.0,0.0
2022-01-18 18:41:20.009392,0.0,0.0,0.0
2022-01-18 18:41:20.504297,0.0,0.0,0.0
2022-01-18 18:41:21.003652,0.0,0.0,0.0
2022-01-18 18:41:21.508613,0.0,0.0,0.0
2022-01-18 18:41:22.006693,0.0,0.0,0.0
2022-01-18 18:41:22.503533,0.0,0.0,0.0
2022-01-18 18:41:23.001139,0.0,0.0,0.0
2022-01-18 18:41:23.507093,0.0,0.0,0.0
2022-01-18 18:41:24.005944,0.0,0.0,0.0
2022-01-18 18:41:24.510207,0.0,0.0,0.0
2022-01-18 18:41:25.008004,0.0,0.0,0.0
2022-01-18 18:41:25.503394,0.0,0.0,0.0
2022-01-18 18:41:26.000966,0.0,0.0,0.0
2022-01-18 18:41:26.506485,0.0,0.0,0.0
2022-01-18 18:41:27.003489,0.0,0.0,0.0
2022-01-18 18:41:27.508094,0.0,0.0,0.0
2022-01-18 18:41:28.006906,0.0,0.0,0.0
2022-01-18 18:41:28.510783,0.0,0.0,0.0
2022-01-18 18:41:29.007795,0.0,0.0,0.0
2022-01-18 18:41:29.502666,0.0,0.0,0.0
2022-01-18 18:41:30.002483,0.0,0.0,0.0
2022-01-18 18:41:30.507211,0.0,0.0,0.0
2022-01-18 18:41:31.006324,0.0,0.0,0.0
2022-01-18 18:41:31.510804,0.0,0.0,0.0
2022-01-18 18:41:32.008190,0.0,0.0,0.0
2022-01-18 18:41:32.502344,0.0,0.0,0.0
2022-01-18 18:41:33.009658,0.0,0.0,0.0
2022-01-18 18:41:33.503953,0.0,0.0,0.0
2022-01-18 18:41:34.003299,0.0,0.0,0.0
2022-01-18 18:41:34.511004,0.0,0.0,0.0
2022-01-18 18:41:35.009746,0.0,0.0,0.0
2022-01-18 18:41:35.504140,0.0,0.0,0.0
2022-01-18 18:41:36.001489,0.0,0.0,0.0
2022-01-18 18:41:36.504433,0.0,0.0,0.0
2022-01-18 18:41:37.003343,0.0,0.0,0.0
2022-01-18 18:41:37.509103,0.0,0.0,0.0
2022-01-18 18:41:38.007014,0.0,0.0,0.0
2022-01-18 18:41:38.510804,0.0,0.0,0.0
2022-01-18 18:41:39.000770,0.0,0.0,0.0
2022-01-18 18:41:39.504589,0.0,0.0,0.0
2022-01-18 18:41:40.003379,0.0,0.0,0.0
2022-01-18 18:41:40.508626,0.0,0.0,0.0
2022-01-18 18:41:41.008109,0.0,0.0,0.0
2022-01-18 18:41:41.506131,0.0,0.0,0.0
2022-01-18 18:41:42.001176,0.0,0.0,0.0
2022-01-18 18:41:42.504518,0.0,0.0,0.0
2022-01-18 18:41:43.002955,0.0,0.0,0.0
2022-01-18 18:41:43.501045,0.0,0.0,0.0
2022-01-18 18:41:44.009825,0.0,0.0,0.0
2022-01-18 18:41:44.505051,0.0,0.0,0.0
2022-01-18 18:41:45.003507,0.0,0.0,0.0
2022-01-18 18:41:45.507490,0.0,0.0,0.0
2022-01-18 18:41:46.005152,0.0,0.0,0.0
2022-01-18 18:41:46.508355,0.0,0.0,0.0
2022-01-18 18:41:47.005548,0.0,0.0,0.0
2022-01-18 18:41:47.510805,0.0,0.0,0.0
2022-01-18 18:41:48.002417,0.0,0.0,0.0
2022-01-18 18:41:48.506726,0.0,0.0,0.0
2022-01-18 18:41:49.006826,0.0,0.0,0.0
2022-01-18 18:41:49.501442,0.0,0.0,0.0
2022-01-18 18:41:50.010293,0.0,0.0,0.0
2022-01-18 18:41:50.503964,0.0,0.0,0.0
2022-01-18 18:41:51.001847,0.0,0.0,0.0
2022-01-18 18:41:51.505668,0.0,0.0,0.0
2022-01-18 18:41:52.003516,0.0,0.0,0.0
2022-01-18 18:41:52.502388,0.0,0.0,0.0
2022-01-18 18:41:53.009083,0.0,0.0,0.0
2022-01-18 18:41:53.503740,0.0,0.0,0.0
2022-01-18 18:41:54.001342,0.0,0.0,0.0
2022-01-18 18:41:54.504781,0.0,0.0,0.0
2022-01-18 18:41:55.002812,0.0,0.0,0.0
2022-01-18 18:41:55.507825,0.0,0.0,0.0
2022-01-18 18:41:56.005114,0.0,0.0,0.0
2022-01-18 18:41:56.510599,0.0,0.0,0.0
2022-01-18 18:41:57.009308,0.0,0.0,0.0
2022-01-18 18:41:57.505712,0.0,0.0,0.0
2022-01-18 18:41:58.003120,0.0,0.0,0.0
2022-01-18 18:41:58.507998,0.0,0.0,0.0
2022-01-18 18:41:59.006391,0.0,0.0,0.0
2022-01-18 18:41:59.501230,0.0,0.0,0.0
2022-01-18 18:42:00.008423,0.0,0.0,0.0
2022-01-18 18:42:00.505988,0.0,0.0,0.0
2022-01-18 18:42:01.003933,0.0,0.0,0.0
2022-01-18 18:42:01.501189,0.0,0.0,0.0
2022-01-18 18:42:02.008738,0.0,0.0,0.0
2022-01-18 18:42:02.502683,0.0,0.0,0.0
2022-01-18 18:42:03.011222,0.0,0.0,0.0
2022-01-18 18:42:03.504924,0.0,0.0,0.0
2022-01-18 18:42:04.004844,0.0,0.0,0.0
2022-01-18 18:42:04.501621,0.0,0.0,0.0
2022-01-18 18:42:05.009610,0.0,0.0,0.0
2022-01-18 18:42:05.504677,0.0,0.0,0.0
2022-01-18 18:42:06.002607,0.0,0.0,0.0
2022-01-18 18:42:06.505148,0.0,0.0,0.0
2022-01-18 18:42:07.003863,0.0,0.0,0.0
2022-01-18 18:42:07.509163,0.0,0.0,0.0
2022-01-18 18:42:08.007042,0.0,0.0,0.0
2022-01-18 18:42:08.502368,0.0,0.0,0.0
2022-01-18 18:42:09.001288,0.0,0.0,0.0
2022-01-18 18:42:09.505750,0.0,0.0,0.0
2022-01-18 18:42:10.003456,0.0,0.0,0.0
2022-01-18 18:42:10.509130,0.0,0.0,0.0
2022-01-18 18:42:11.008772,0.0,0.0,0.0
2022-01-18 18:42:11.502495,0.0,0.0,0.0
2022-01-18 18:42:12.010944,0.0,0.0,0.0
2022-01-18 18:42:12.505541,0.0,0.0,0.0
2022-01-18 18:42:13.003098,0.0,0.0,0.0
2022-01-18 18:42:13.509966,0.0,0.0,0.0
2022-01-18 18:42:14.006310,0.0,0.0,0.0
2022-01-18 18:42:14.510191,0.0,0.0,0.0
2022-01-18 18:42:15.007015,0.0,0.0,0.0
2022-01-18 18:42:15.501975,0.0,0.0,0.0
2022-01-18 18:42:16.009893,0.0,0.0,0.0
2022-01-18 18:42:16.504526,0.0,0.0,0.0
2022-01-18 18:42:17.001375,0.0,0.0,0.0
2022-01-18 18:42:17.506443,0.0,0.0,0.0
2022-01-18 18:42:18.007447,0.0,0.0,0.0
2022-01-18 18:42:18.502260,0.0,0.0,0.0
2022-01-18 18:42:19.009242,0.0,0.0,0.0
2022-01-18 18:42:19.504100,0.0,0.0,0.0
2022-01-18 18:42:20.011066,0.0,0.0,0.0
2022-01-18 18:42:20.506292,0.0,0.0,0.0
2022-01-18 18:42:21.004714,0.0,0.0,0.0
2022-01-18 18:42:21.509542,0.0,0.0,0.0
2022-01-18 18:42:22.009817,0.0,0.0,0.0
2022-01-18 18:42:22.505244,0.0,0.0,0.0
2022-01-18 18:42:23.002166,0.0,0.0,0.0
2022-01-18 18:42:23.506396,0.0,0.0,0.0
2022-01-18 18:42:24.003096,0.0,0.0,0.0
2022-01-18 18:42:24.507143,0.0,0.0,0.0
2022-01-18 18:42:25.006623,0.0,0.0,0.0
2022-01-18 18:42:25.509960,0.0,0.0,0.0
2022-01-18 18:42:26.007333,0.0,0.0,0.0
2022-01-18 18:42:26.501622,0.0,0.0,0.0
2022-01-18 18:42:27.000782,0.0,0.0,0.0
2022-01-18 18:42:27.504484,0.0,0.0,0.0
2022-01-18 18:42:28.002515,0.0,0.0,0.0
2022-01-18 18:42:28.507849,0.0,0.0,0.0
2022-01-18 18:42:29.002429,0.0,0.0,0.0
2022-01-18 18:42:29.506186,0.0,0.0,0.0
2022-01-18 18:42:30.004485,0.0,0.0,0.0
2022-01-18 18:42:30.508485,0.0,0.0,0.0
2022-01-18 18:42:31.005395,0.0,0.0,0.0
2022-01-18 18:42:31.501949,0.0,0.0,0.0
2022-01-18 18:42:32.001011,0.0,0.0,0.0
2022-01-18 18:42:32.506331,0.0,0.0,0.0
2022-01-18 18:42:33.003084,0.0,0.0,0.0
2022-01-18 18:42:33.507417,0.0,0.0,0.0
2022-01-18 18:42:34.004432,0.0,0.0,0.0
2022-01-18 18:42:34.510447,0.0,0.0,0.0
2022-01-18 18:42:35.008699,0.0,0.0,0.0
2022-01-18 18:42:35.501751,0.0,0.0,0.0
2022-01-18 18:42:36.009884,0.0,0.0,0.0
2022-01-18 18:42:36.502912,0.0,0.0,0.0
2022-01-18 18:42:37.001119,0.0,0.0,0.0
2022-01-18 18:42:37.505693,0.0,0.0,0.0
2022-01-18 18:42:38.003392,0.0,0.0,0.0
2022-01-18 18:42:38.509168,0.0,0.0,0.0
2022-01-18 18:42:39.006310,0.0,0.0,0.0
2022-01-18 18:42:39.510302,0.0,0.0,0.0
2022-01-18 18:42:40.009649,0.0,0.0,0.0
2022-01-18 18:42:40.504791,0.0,0.0,0.0
2022-01-18 18:42:41.002332,0.0,0.0,0.0
2022-01-18 18:42:41.507573,0.0,0.0,0.0
2022-01-18 18:42:42.001466,0.0,0.0,0.0
2022-01-18 18:42:42.504927,0.0,0.0,0.0
2022-01-18 18:42:43.002239,0.0,0.0,0.0
2022-01-18 18:42:43.508079,0.0,0.0,0.0
2022-01-18 18:42:44.007251,0.0,0.0,0.0
2022-01-18 18:42:44.504491,0.0,0.0,0.0
2022-01-18 18:42:45.002504,0.0,0.0,0.0
2022-01-18 18:42:45.506843,0.0,0.0,0.0
2022-01-18 18:42:46.004509,0.0,0.0,0.0
2022-01-18 18:42:46.501886,0.0,0.0,0.0
2022-01-18 18:42:47.010182,0.0,0.0,0.0
2022-01-18 18:42:47.506600,0.0,0.0,0.0
2022-01-18 18:42:48.004068,0.0,0.0,0.0
2022-01-18 18:42:48.509827,0.0,0.0,0.0
2022-01-18 18:42:49.008198,0.0,0.0,0.0
2022-01-18 18:42:49.504194,0.0,0.0,0.0
2022-01-18 18:42:50.001843,0.0,0.0,0.0
2022-01-18 18:42:50.504952,0.0,0.0,0.0
2022-01-18 18:42:51.003828,0.0,0.0,0.0
2022-01-18 18:42:51.508888,0.0,0.0,0.0
2022-01-18 18:42:52.006553,0.0,0.0,0.0
2022-01-18 18:42:52.501149,0.0,0.0,0.0
2022-01-18 18:42:53.009432,0.0,0.0,0.0
2022-01-18 18:42:53.504654,0.0,0.0,0.0
2022-01-18 18:42:54.001226,0.0,0.0,0.0
2022-01-18 18:42:54.504298,0.0,0.0,0.0
2022-01-18 18:42:55.001805,0.0,0.0,0.0
2022-01-18 18:42:55.506706,0.0,0.0,0.0
2022-01-18 18:42:56.004517,0.0,0.0,0.0
2022-01-18 18:42:56.510860,0.0,0.0,0.0
2022-01-18 18:42:57.009295,0.0,0.0,0.0
2022-01-18 18:42:57.505795,0.0,0.0,0.0
2022-01-18 18:42:58.003386,0.0,0.0,0.0
2022-01-18 18:42:58.507968,0.0,0.0,0.0
2022-01-18 18:42:59.006516,0.0,0.0,0.0
2022-01-18 18:42:59.502284,0.0,0.0,0.0
2022-01-18 18:43:00.009731,0.0,0.0,0.0
2022-01-18 18:43:00.505129,0.0,0.0,0.0
2022-01-18 18:43:01.002313,0.0,0.0,0.0
2022-01-18 18:43:01.508539,0.0,0.0,0.0
2022-01-18 18:43:02.006014,0.0,0.0,0.0
2022-01-18 18:43:03.005299,0.0,0.0,0.0
2022-01-18 18:43:03.510544,0.0,0.0,0.0
2022-01-18 18:43:04.009272,0.0,0.0,0.0
2022-01-18 18:43:04.503257,0.0,0.0,0.0
2022-01-18 18:43:05.001121,0.0,0.0,0.0
2022-01-18 18:43:05.506775,0.0,0.0,0.0
2022-01-18 18:43:06.002864,0.0,0.0,0.0
2022-01-18 18:43:06.508161,0.0,0.0,0.0
2022-01-18 18:43:07.007694,0.0,0.0,0.0
2022-01-18 18:43:07.503026,0.0,0.0,0.0
2022-01-18 18:43:08.002789,0.0,0.0,0.0
2022-01-18 18:43:08.507710,0.0,0.0,0.0
2022-01-18 18:43:09.004755,0.0,0.0,0.0
2022-01-18 18:43:09.508998,0.0,0.0,0.0
2022-01-18 18:43:10.006890,0.0,0.0,0.0
2022-01-18 18:43:10.503193,0.0,0.0,0.0
2022-01-18 18:43:11.009078,0.0,0.0,0.0
2022-01-18 18:43:11.503191,0.0,0.0,0.0
2022-01-18 18:43:12.504857,0.0,0.0,0.0
2022-01-18 18:43:13.002296,0.0,0.0,0.0
2022-01-18 18:43:13.508536,0.0,0.0,0.0
2022-01-18 18:43:14.006742,0.0,0.0,0.0
2022-01-18 18:43:14.511338,0.0,0.0,0.0
2022-01-18 18:43:15.010138,0.0,0.0,0.0
2022-01-18 18:43:15.506328,0.0,0.0,0.0
2022-01-18 18:43:16.005569,0.0,0.0,0.0
2022-01-18 18:43:16.510290,0.0,0.0,0.0
2022-01-18 18:43:17.008486,0.0,0.0,0.0
2022-01-18 18:43:17.503431,0.0,0.0,0.0
2022-01-18 18:43:18.002509,0.0,0.0,0.0
2022-01-18 18:43:18.506135,0.0,0.0,0.0
2022-01-18 18:43:19.003441,0.0,0.0,0.0
2022-01-18 18:43:19.508869,0.0,0.0,0.0
2022-01-18 18:43:20.007275,0.0,0.0,0.0
2022-01-18 18:43:20.505509,0.0,0.0,0.0
2022-01-18 18:43:21.003039,0.0,0.0,0.0
2022-01-18 18:43:21.507376,0.0,0.0,0.0
2022-01-18 18:43:22.005504,0.0,0.0,0.0
2022-01-18 18:43:22.510728,0.0,0.0,0.0
2022-01-18 18:43:23.009305,0.0,0.0,0.0
2022-01-18 18:43:23.504709,0.0,0.0,0.0
2022-01-18 18:43:24.002461,0.0,0.0,0.0
2022-01-18 18:43:24.510051,0.0,0.0,0.0
2022-01-18 18:43:25.007895,0.0,0.0,0.0
2022-01-18 18:43:25.503773,0.0,0.0,0.0
2022-01-18 18:43:26.001420,0.0,0.0,0.0
2022-01-18 18:43:26.505839,0.0,0.0,0.0
2022-01-18 18:43:27.002470,0.0,0.0,0.0
2022-01-18 18:43:27.507117,0.0,0.0,0.0
2022-01-18 18:43:28.004872,0.0,0.0,0.0
2022-01-18 18:43:28.509891,0.0,0.0,0.0
2022-01-18 18:43:29.008803,0.0,0.0,0.0
2022-01-18 18:43:29.502579,0.0,0.0,0.0
2022-01-18 18:43:30.010630,0.0,0.0,0.0
2022-01-18 18:43:30.505436,0.0,0.0,0.0
2022-01-18 18:43:31.003795,0.0,0.0,0.0
2022-01-18 18:43:31.510006,0.0,0.0,0.0
2022-01-18 18:43:32.009065,0.0,0.0,0.0
2022-01-18 18:43:32.505675,0.0,0.0,0.0
2022-01-18 18:43:33.002401,0.0,0.0,0.0
2022-01-18 18:43:33.508680,0.0,0.0,0.0
2022-01-18 18:43:34.006156,0.0,0.0,0.0
2022-01-18 18:43:34.510126,0.0,0.0,0.0
2022-01-18 18:43:35.007372,0.0,0.0,0.0
2022-01-18 18:43:35.502340,0.0,0.0,0.0
2022-01-18 18:43:36.009716,0.0,0.0,0.0
2022-01-18 18:43:36.504611,0.0,0.0,0.0
2022-01-18 18:43:37.002330,0.0,0.0,0.0
2022-01-18 18:43:37.506753,0.0,0.0,0.0
2022-01-18 18:43:38.005800,0.0,0.0,0.0
2022-01-18 18:43:38.501149,0.0,0.0,0.0
2022-01-18 18:43:39.009830,0.0,0.0,0.0
2022-01-18 18:43:39.504557,0.0,0.0,0.0
2022-01-18 18:43:40.002815,0.0,0.0,0.0
2022-01-18 18:43:40.508380,0.0,0.0,0.0
2022-01-18 18:43:41.006412,0.0,0.0,0.0
2022-01-18 18:43:41.510201,0.0,0.0,0.0
2022-01-18 18:43:42.008308,0.0,0.0,0.0
2022-01-18 18:43:42.505214,0.0,0.0,0.0
2022-01-18 18:43:43.002694,0.0,0.0,0.0
2022-01-18 18:43:43.507445,0.0,0.0,0.0
2022-01-18 18:43:44.005163,0.0,0.0,0.0
2022-01-18 18:43:44.508742,0.0,0.0,0.0
2022-01-18 18:43:45.005197,0.0,0.0,0.0
2022-01-18 18:43:45.510495,0.0,0.0,0.0
2022-01-18 18:43:46.008477,0.0,0.0,0.0
2022-01-18 18:43:46.504021,0.0,0.0,0.0
2022-01-18 18:43:47.004632,0.0,0.0,0.0
2022-01-18 18:43:47.510895,0.0,0.0,0.0
2022-01-18 18:43:48.008583,0.0,0.0,0.0
2022-01-18 18:43:48.502497,0.0,0.0,0.0
2022-01-18 18:43:49.007792,0.0,0.0,0.0
2022-01-18 18:43:49.503237,0.0,0.0,0.0
2022-01-18 18:43:50.001453,0.0,0.0,0.0
2022-01-18 18:43:50.506834,0.0,0.0,0.0
2022-01-18 18:43:51.004142,0.0,0.0,0.0
2022-01-18 18:43:51.510365,0.0,0.0,0.0
2022-01-18 18:43:52.008347,0.0,0.0,0.0
2022-01-18 18:43:52.504792,0.0,0.0,0.0
2022-01-18 18:43:53.001332,0.0,0.0,0.0
2022-01-18 18:43:53.505660,0.0,0.0,0.0
2022-01-18 18:43:54.003683,0.0,0.0,0.0
2022-01-18 18:43:54.506556,0.0,0.0,0.0
2022-01-18 18:43:55.004125,0.0,0.0,0.0
2022-01-18 18:43:55.510914,0.0,0.0,0.0
2022-01-18 18:43:56.008724,0.0,0.0,0.0
2022-01-18 18:43:56.502616,0.0,0.0,0.0
2022-01-18 18:43:57.010732,0.0,0.0,0.0
2022-01-18 18:43:57.503913,0.0,0.0,0.0
2022-01-18 18:43:58.002160,0.0,0.0,0.0
2022-01-18 18:43:58.508085,0.0,0.0,0.0
2022-01-18 18:43:59.005796,0.0,0.0,0.0
2022-01-18 18:43:59.510751,0.0,0.0,0.0
2022-01-18 18:44:00.008796,0.0,0.0,0.0
2022-01-18 18:44:00.504756,0.0,0.0,0.0
2022-01-18 18:44:01.001928,0.0,0.0,0.0
2022-01-18 18:44:01.506840,0.0,0.0,0.0
2022-01-18 18:44:02.004506,0.0,0.0,0.0
2022-01-18 18:44:02.509134,0.0,0.0,0.0
2022-01-18 18:44:03.006664,0.0,0.0,0.0
2022-01-18 18:44:03.510649,0.0,0.0,0.0
2022-01-18 18:44:04.009870,0.0,0.0,0.0
2022-01-18 18:44:04.503934,0.0,0.0,0.0
2022-01-18 18:44:05.002540,0.0,0.0,0.0
2022-01-18 18:44:05.506864,0.0,0.0,0.0
2022-01-18 18:44:06.003496,0.0,0.0,0.0
2022-01-18 18:44:06.508713,0.0,0.0,0.0
2022-01-18 18:44:07.006214,0.0,0.0,0.0
2022-01-18 18:44:07.500974,0.0,0.0,0.0
2022-01-18 18:44:08.008679,0.0,0.0,0.0
2022-01-18 18:44:08.506252,0.0,0.0,0.0
2022-01-18 18:44:09.003205,0.0,0.0,0.0
2022-01-18 18:44:09.508143,0.0,0.0,0.0
2022-01-18 18:44:10.008900,0.0,0.0,0.0
2022-01-18 18:44:10.503142,0.0,0.0,0.0
2022-01-18 18:44:11.007347,0.0,0.0,0.0
2022-01-18 18:44:11.503261,0.0,0.0,0.0
2022-01-18 18:44:12.002304,0.0,0.0,0.0
2022-01-18 18:44:12.506644,0.0,0.0,0.0
2022-01-18 18:44:13.004791,0.0,0.0,0.0
2022-01-18 18:44:13.510232,0.0,0.0,0.0
2022-01-18 18:44:14.008519,0.0,0.0,0.0
2022-01-18 18:44:14.503486,0.0,0.0,0.0
2022-01-18 18:44:15.010528,0.0,0.0,0.0
2022-01-18 18:44:15.504332,0.0,0.0,0.0
2022-01-18 18:44:16.002859,0.0,0.0,0.0
2022-01-18 18:44:16.507779,0.0,0.0,0.0
2022-01-18 18:44:17.006499,0.0,0.0,0.0
2022-01-18 18:44:17.510852,0.0,0.0,0.0
2022-01-18 18:44:18.008511,0.0,0.0,0.0
2022-01-18 18:44:18.504284,0.0,0.0,0.0
2022-01-18 18:44:19.002626,0.0,0.0,0.0
2022-01-18 18:44:19.509824,0.0,0.0,0.0
2022-01-18 18:44:20.008402,0.0,0.0,0.0
2022-01-18 18:44:20.501998,0.0,0.0,0.0
2022-01-18 18:44:21.010003,0.0,0.0,0.0
2022-01-18 18:44:21.506928,0.0,0.0,0.0
2022-01-18 18:44:22.003967,0.0,0.0,0.0
2022-01-18 18:44:22.509499,0.0,0.0,0.0
2022-01-18 18:44:23.006670,0.0,0.0,0.0
2022-01-18 18:44:23.501136,0.0,0.0,0.0
2022-01-18 18:44:24.007915,0.0,0.0,0.0
2022-01-18 18:44:24.503510,0.0,0.0,0.0
2022-01-18 18:44:25.002362,0.0,0.0,0.0
2022-01-18 18:44:25.507951,0.0,0.0,0.0
2022-01-18 18:44:26.005465,0.0,0.0,0.0
2022-01-18 18:44:26.501084,0.0,0.0,0.0
2022-01-18 18:44:27.010120,0.0,0.0,0.0
2022-01-18 18:44:27.506412,0.0,0.0,0.0
2022-01-18 18:44:28.003943,0.0,0.0,0.0
2022-01-18 18:44:28.507991,0.0,0.0,0.0
2022-01-18 18:44:29.004418,0.0,0.0,0.0
2022-01-18 18:44:29.509062,0.0,0.0,0.0
2022-01-18 18:44:30.006772,0.0,0.0,0.0
2022-01-18 18:44:30.502368,0.0,0.0,0.0
2022-01-18 18:44:31.009688,0.0,0.0,0.0
2022-01-18 18:44:31.503541,0.0,0.0,0.0
2022-01-18 18:44:32.002836,0.0,0.0,0.0
2022-01-18 18:44:32.508898,0.0,0.0,0.0
2022-01-18 18:44:33.006183,0.0,0.0,0.0
2022-01-18 18:44:33.510223,0.0,0.0,0.0
2022-01-18 18:44:34.007595,0.0,0.0,0.0
2022-01-18 18:44:34.502650,0.0,0.0,0.0
2022-01-18 18:44:35.011249,0.0,0.0,0.0
2022-01-18 18:44:35.505739,0.0,0.0,0.0
2022-01-18 18:44:36.003267,0.0,0.0,0.0
2022-01-18 18:44:36.507244,0.0,0.0,0.0
2022-01-18 18:44:37.006055,0.0,0.0,0.0
2022-01-18 18:44:37.510804,0.0,0.0,0.0
2022-01-18 18:44:38.008229,0.0,0.0,0.0
2022-01-18 18:44:38.502801,0.0,0.0,0.0
2022-01-18 18:44:39.010915,0.0,0.0,0.0
2022-01-18 18:44:39.506276,0.0,0.0,0.0
2022-01-18 18:44:40.003954,0.0,0.0,0.0
2022-01-18 18:44:40.509810,0.0,0.0,0.0
2022-01-18 18:44:41.006798,0.0,0.0,0.0
2022-01-18 18:44:41.503766,0.0,0.0,0.0
2022-01-18 18:44:42.505636,0.0,0.0,0.0
2022-01-18 18:44:43.002807,0.0,0.0,0.0
2022-01-18 18:44:43.507617,0.0,0.0,0.0
2022-01-18 18:44:44.005187,0.0,0.0,0.0
2022-01-18 18:44:44.502522,0.0,0.0,0.0
2022-01-18 18:44:45.010134,0.0,0.0,0.0
2022-01-18 18:44:45.504006,0.0,0.0,0.0
2022-01-18 18:44:46.001571,0.0,0.0,0.0
2022-01-18 18:44:46.507880,0.0,0.0,0.0
2022-01-18 18:44:47.005451,0.0,0.0,0.0
2022-01-18 18:44:47.509846,0.0,0.0,0.0
2022-01-18 18:44:48.007854,0.0,0.0,0.0
2022-01-18 18:44:48.503266,0.0,0.0,0.0
2022-01-18 18:44:49.001153,0.0,0.0,0.0
2022-01-18 18:44:49.505208,0.0,0.0,0.0
2022-01-18 18:44:50.003831,0.0,0.0,0.0
2022-01-18 18:44:50.510825,0.0,0.0,0.0
2022-01-18 18:44:51.007705,0.0,0.0,0.0
2022-01-18 18:44:51.502422,0.0,0.0,0.0
2022-01-18 18:44:52.009917,0.0,0.0,0.0
2022-01-18 18:44:52.503691,0.0,0.0,0.0
2022-01-18 18:44:53.001177,0.0,0.0,0.0
2022-01-18 18:44:53.508525,0.0,0.0,0.0
2022-01-18 18:44:54.006038,0.0,0.0,0.0
2022-01-18 18:44:54.501551,0.0,0.0,0.0
2022-01-18 18:44:55.009765,0.0,0.0,0.0
2022-01-18 18:44:55.505655,0.0,0.0,0.0
2022-01-18 18:44:56.003649,0.0,0.0,0.0
2022-01-18 18:44:56.509371,0.0,0.0,0.0
2022-01-18 18:44:57.005075,0.0,0.0,0.0
2022-01-18 18:44:57.501303,0.0,0.0,0.0
2022-01-18 18:44:58.009214,0.0,0.0,0.0
2022-01-18 18:44:58.503438,0.0,0.0,0.0
2022-01-18 18:44:59.001848,0.0,0.0,0.0
2022-01-18 18:44:59.506310,0.0,0.0,0.0
2022-01-18 18:45:00.003280,0.0,0.0,0.0
2022-01-18 18:45:00.508787,0.0,0.0,0.0
2022-01-18 18:45:01.006155,0.0,0.0,0.0
2022-01-18 18:45:01.501196,0.0,0.0,0.0
2022-01-18 18:45:02.009755,0.0,0.0,0.0
2022-01-18 18:45:02.503438,0.0,0.0,0.0
2022-01-18 18:45:03.002213,0.0,0.0,0.0
2022-01-18 18:45:03.506621,0.0,0.0,0.0
2022-01-18 18:45:04.004235,0.0,0.0,0.0
2022-01-18 18:45:04.508665,0.0,0.0,0.0
2022-01-18 18:45:05.007033,0.0,0.0,0.0
2022-01-18 18:45:05.502525,0.0,0.0,0.0
2022-01-18 18:45:06.001419,0.0,0.0,0.0
2022-01-18 18:45:06.506310,0.0,0.0,0.0
2022-01-18 18:45:07.004054,0.0,0.0,0.0
2022-01-18 18:45:07.510343,0.0,0.0,0.0
2022-01-18 18:45:08.008548,0.0,0.0,0.0
2022-01-18 18:45:08.504581,0.0,0.0,0.0
2022-01-18 18:45:09.003517,0.0,0.0,0.0
2022-01-18 18:45:09.508115,0.0,0.0,0.0
2022-01-18 18:45:10.005894,0.0,0.0,0.0
2022-01-18 18:45:10.502601,0.0,0.0,0.0
2022-01-18 18:45:11.007965,0.0,0.0,0.0
2022-01-18 18:45:11.504680,0.0,0.0,0.0
2022-01-18 18:45:12.002150,0.0,0.0,0.0
2022-01-18 18:45:12.506826,0.0,0.0,0.0
2022-01-18 18:45:13.004090,0.0,0.0,0.0
2022-01-18 18:45:13.507793,0.0,0.0,0.0
2022-01-18 18:45:14.007512,0.0,0.0,0.0
2022-01-18 18:45:14.502212,0.0,0.0,0.0
2022-01-18 18:45:15.002711,0.0,0.0,0.0
2022-01-18 18:45:15.508017,0.0,0.0,0.0
2022-01-18 18:45:16.006150,0.0,0.0,0.0
2022-01-18 18:45:16.510912,0.0,0.0,0.0
2022-01-18 18:45:17.008456,0.0,0.0,0.0
2022-01-18 18:45:17.504793,0.0,0.0,0.0
2022-01-18 18:45:18.003216,0.0,0.0,0.0
2022-01-18 18:45:18.504043,0.0,0.0,0.0
2022-01-18 18:45:19.001478,0.0,0.0,0.0
2022-01-18 18:45:19.507669,0.0,0.0,0.0
2022-01-18 18:45:20.006513,0.0,0.0,0.0
2022-01-18 18:45:20.501384,0.0,0.0,0.0
2022-01-18 18:45:21.009221,0.0,0.0,0.0
2022-01-18 18:45:21.503819,0.0,0.0,0.0
2022-01-18 18:45:22.001677,0.0,0.0,0.0
2022-01-18 18:45:22.508126,0.0,0.0,0.0
2022-01-18 18:45:23.004941,0.0,0.0,0.0
2022-01-18 18:45:23.510112,0.0,0.0,0.0
2022-01-18 18:45:24.009755,0.0,0.0,0.0
2022-01-18 18:45:24.505402,0.0,0.0,0.0
2022-01-18 18:45:25.003384,0.0,0.0,0.0
2022-01-18 18:45:25.507408,0.0,0.0,0.0
2022-01-18 18:45:26.004591,0.0,0.0,0.0
2022-01-18 18:45:26.508789,0.0,0.0,0.0
2022-01-18 18:45:27.006238,0.0,0.0,0.0
2022-01-18 18:45:27.510708,0.0,0.0,0.0
2022-01-18 18:45:28.007097,0.0,0.0,0.0
2022-01-18 18:45:28.504404,0.0,0.0,0.0
2022-01-18 18:45:29.006683,0.0,0.0,0.0
2022-01-18 18:45:29.501733,0.0,0.0,0.0
2022-01-18 18:45:30.002690,0.0,0.0,0.0
2022-01-18 18:45:30.502492,0.0,0.0,0.0
2022-01-18 18:45:31.009960,0.0,0.0,0.0
2022-01-18 18:45:31.504204,0.0,0.0,0.0
2022-01-18 18:45:32.002746,0.0,0.0,0.0
2022-01-18 18:45:32.507865,0.0,0.0,0.0
2022-01-18 18:45:33.006377,0.0,0.0,0.0
2022-01-18 18:45:33.511173,0.0,0.0,0.0
2022-01-18 18:45:34.009482,0.0,0.0,0.0
2022-01-18 18:45:34.503914,0.0,0.0,0.0
2022-01-18 18:45:35.001831,0.0,0.0,0.0
2022-01-18 18:45:35.506728,0.0,0.0,0.0
2022-01-18 18:45:36.004061,0.0,0.0,0.0
2022-01-18 18:45:36.508787,0.0,0.0,0.0
2022-01-18 18:45:37.006540,0.0,0.0,0.0
2022-01-18 18:45:37.503119,0.0,0.0,0.0
2022-01-18 18:45:38.001011,0.0,0.0,0.0
2022-01-18 18:45:38.506539,0.0,0.0,0.0
2022-01-18 18:45:39.003426,0.0,0.0,0.0
2022-01-18 18:45:39.508236,0.0,0.0,0.0
2022-01-18 18:45:40.006531,0.0,0.0,0.0
2022-01-18 18:45:40.502265,0.0,0.0,0.0
2022-01-18 18:45:41.009538,0.0,0.0,0.0
2022-01-18 18:45:41.509758,0.0,0.0,0.0
2022-01-18 18:45:42.007376,0.0,0.0,0.0
2022-01-18 18:45:42.501339,0.0,0.0,0.0
2022-01-18 18:45:43.009996,0.0,0.0,0.0
2022-01-18 18:45:43.505066,0.0,0.0,0.0
2022-01-18 18:45:44.003187,0.0,0.0,0.0
2022-01-18 18:45:44.508449,0.0,0.0,0.0
2022-01-18 18:45:45.006112,0.0,0.0,0.0
2022-01-18 18:45:45.510873,0.0,0.0,0.0
2022-01-18 18:45:46.010297,0.0,0.0,0.0
2022-01-18 18:45:46.506895,0.0,0.0,0.0
2022-01-18 18:45:47.007420,0.0,0.0,0.0
2022-01-18 18:45:47.502731,0.0,0.0,0.0
2022-01-18 18:45:48.002185,0.0,0.0,0.0
2022-01-18 18:45:48.505546,0.0,0.0,0.0
2022-01-18 18:45:49.003361,0.0,0.0,0.0
2022-01-18 18:45:49.508803,0.0,0.0,0.0
2022-01-18 18:45:50.006500,0.0,0.0,0.0
2022-01-18 18:45:50.503415,0.0,0.0,0.0
2022-01-18 18:45:51.010771,0.0,0.0,0.0
2022-01-18 18:45:51.506602,0.0,0.0,0.0
2022-01-18 18:45:52.003863,0.0,0.0,0.0
2022-01-18 18:45:52.508876,0.0,0.0,0.0
2022-01-18 18:45:53.006420,0.0,0.0,0.0
2022-01-18 18:45:53.501796,0.0,0.0,0.0
2022-01-18 18:45:54.010227,0.0,0.0,0.0
2022-01-18 18:45:54.504929,0.0,0.0,0.0
2022-01-18 18:45:55.003592,0.0,0.0,0.0
2022-01-18 18:45:55.510103,0.0,0.0,0.0
2022-01-18 18:45:56.007509,0.0,0.0,0.0
2022-01-18 18:45:56.501678,0.0,0.0,0.0
2022-01-18 18:45:57.009166,0.0,0.0,0.0
2022-01-18 18:45:57.503604,0.0,0.0,0.0
2022-01-18 18:45:58.001513,0.0,0.0,0.0
2022-01-18 18:45:58.507446,0.0,0.0,0.0
2022-01-18 18:45:59.006786,0.0,0.0,0.0
2022-01-18 18:45:59.501083,0.0,0.0,0.0
2022-01-18 18:46:00.010272,0.0,0.0,0.0
2022-01-18 18:46:00.502692,0.0,0.0,0.0
2022-01-18 18:46:01.010609,0.0,0.0,0.0
2022-01-18 18:46:01.504609,0.0,0.0,0.0
2022-01-18 18:46:02.003416,0.0,0.0,0.0
2022-01-18 18:46:02.509427,0.0,0.0,0.0
2022-01-18 18:46:03.007720,0.0,0.0,0.0
2022-01-18 18:46:03.502393,0.0,0.0,0.0
2022-01-18 18:46:04.001995,0.0,0.0,0.0
2022-01-18 18:46:04.509795,0.0,0.0,0.0
2022-01-18 18:46:05.007484,0.0,0.0,0.0
2022-01-18 18:46:05.501535,0.0,0.0,0.0
2022-01-18 18:46:06.010292,0.0,0.0,0.0
2022-01-18 18:46:06.505371,0.0,0.0,0.0
2022-01-18 18:46:07.003447,0.0,0.0,0.0
2022-01-18 18:46:07.507853,0.0,0.0,0.0
2022-01-18 18:46:08.007366,0.0,0.0,0.0
2022-01-18 18:46:08.504170,0.0,0.0,0.0
2022-01-18 18:46:09.002296,0.0,0.0,0.0
2022-01-18 18:46:09.507290,0.0,0.0,0.0
2022-01-18 18:46:10.006507,0.0,0.0,0.0
2022-01-18 18:46:10.510209,0.0,0.0,0.0
2022-01-18 18:46:11.008482,0.0,0.0,0.0
2022-01-18 18:46:11.503674,0.0,0.0,0.0
2022-01-18 18:46:12.010864,0.0,0.0,0.0
2022-01-18 18:46:12.506412,0.0,0.0,0.0
2022-01-18 18:46:13.004538,0.0,0.0,0.0
2022-01-18 18:46:13.509171,0.0,0.0,0.0
2022-01-18 18:46:14.007158,0.0,0.0,0.0
2022-01-18 18:46:14.503849,0.0,0.0,0.0
2022-01-18 18:46:15.001399,0.0,0.0,0.0
2022-01-18 18:46:15.504003,0.0,0.0,0.0
2022-01-18 18:46:16.004370,0.0,0.0,0.0
2022-01-18 18:46:16.510585,0.0,0.0,0.0
2022-01-18 18:46:17.010499,0.0,0.0,0.0
2022-01-18 18:46:17.506139,0.0,0.0,0.0
2022-01-18 18:46:18.003945,0.0,0.0,0.0
2022-01-18 18:46:18.510032,0.0,0.0,0.0
2022-01-18 18:46:19.008401,0.0,0.0,0.0
2022-01-18 18:46:19.502548,0.0,0.0,0.0
2022-01-18 18:46:20.001525,0.0,0.0,0.0
2022-01-18 18:46:20.506328,0.0,0.0,0.0
2022-01-18 18:46:21.003283,0.0,0.0,0.0
2022-01-18 18:46:21.509387,0.0,0.0,0.0
2022-01-18 18:46:22.007262,0.0,0.0,0.0
2022-01-18 18:46:22.502395,0.0,0.0,0.0
2022-01-18 18:46:23.008877,0.0,0.0,0.0
2022-01-18 18:46:23.503656,0.0,0.0,0.0
2022-01-18 18:46:24.001774,0.0,0.0,0.0
2022-01-18 18:46:24.507272,0.0,0.0,0.0
2022-01-18 18:46:25.005913,0.0,0.0,0.0
2022-01-18 18:46:25.510963,0.0,0.0,0.0
2022-01-18 18:46:26.002386,0.0,0.0,0.0
2022-01-18 18:46:26.508644,0.0,0.0,0.0
2022-01-18 18:46:27.006941,0.0,0.0,0.0
2022-01-18 18:46:27.511154,0.0,0.0,0.0
2022-01-18 18:46:28.009718,0.0,0.0,0.0
2022-01-18 18:46:28.505094,0.0,0.0,0.0
2022-01-18 18:46:29.002817,0.0,0.0,0.0
2022-01-18 18:46:29.507186,0.0,0.0,0.0
2022-01-18 18:46:30.005206,0.0,0.0,0.0
2022-01-18 18:46:30.501646,0.0,0.0,0.0
2022-01-18 18:46:31.010050,0.0,0.0,0.0
2022-01-18 18:46:31.504025,0.0,0.0,0.0
2022-01-18 18:46:32.001784,0.0,0.0,0.0
2022-01-18 18:46:32.507437,0.0,0.0,0.0
2022-01-18 18:46:33.004828,0.0,0.0,0.0
2022-01-18 18:46:33.509480,0.0,0.0,0.0
2022-01-18 18:46:34.006837,0.0,0.0,0.0
2022-01-18 18:46:34.510461,0.0,0.0,0.0
2022-01-18 18:46:35.008530,0.0,0.0,0.0
2022-01-18 18:46:35.503865,0.0,0.0,0.0
2022-01-18 18:46:36.001940,0.0,0.0,0.0
2022-01-18 18:46:36.505757,0.0,0.0,0.0
2022-01-18 18:46:37.002555,0.0,0.0,0.0
2022-01-18 18:46:37.506387,0.0,0.0,0.0
2022-01-18 18:46:38.003025,0.0,0.0,0.0
2022-01-18 18:46:39.004327,0.0,0.0,0.0
2022-01-18 18:46:39.509289,0.0,0.0,0.0
2022-01-18 18:46:40.008727,0.0,0.0,0.0
2022-01-18 18:46:40.502471,0.0,0.0,0.0
2022-01-18 18:46:41.001767,0.0,0.0,0.0
2022-01-18 18:46:41.507408,0.0,0.0,0.0
2022-01-18 18:46:42.004736,0.0,0.0,0.0
2022-01-18 18:46:42.507587,0.0,0.0,0.0
2022-01-18 18:46:43.007982,0.0,0.0,0.0
2022-01-18 18:46:43.501196,0.0,0.0,0.0
2022-01-18 18:46:44.009471,0.0,0.0,0.0
2022-01-18 18:46:44.507880,0.0,0.0,0.0
2022-01-18 18:46:45.004262,0.0,0.0,0.0
2022-01-18 18:46:45.507681,0.0,0.0,0.0
2022-01-18 18:46:46.005114,0.0,0.0,0.0
2022-01-18 18:46:46.509388,0.0,0.0,0.0
2022-01-18 18:46:47.008287,0.0,0.0,0.0
2022-01-18 18:46:47.501787,0.0,0.0,0.0
2022-01-18 18:46:48.009941,0.0,0.0,0.0
2022-01-18 18:46:48.503868,0.0,0.0,0.0
2022-01-18 18:46:49.002080,0.0,0.0,0.0
2022-01-18 18:46:49.507564,0.0,0.0,0.0
2022-01-18 18:46:50.006305,0.0,0.0,0.0
2022-01-18 18:46:50.500967,0.0,0.0,0.0
2022-01-18 18:46:51.010336,0.0,0.0,0.0
2022-01-18 18:46:51.505113,0.0,0.0,0.0
2022-01-18 18:46:52.003160,0.0,0.0,0.0
2022-01-18 18:46:52.505112,0.0,0.0,0.0
2022-01-18 18:46:53.003047,0.0,0.0,0.0
2022-01-18 18:46:53.510160,0.0,0.0,0.0
2022-01-18 18:46:54.006876,0.0,0.0,0.0
2022-01-18 18:46:54.510665,0.0,0.0,0.0
2022-01-18 18:46:55.003423,0.0,0.0,0.0
2022-01-18 18:46:55.508524,0.0,0.0,0.0
2022-01-18 18:46:56.006817,0.0,0.0,0.0
2022-01-18 18:46:56.501815,0.0,0.0,0.0
2022-01-18 18:46:57.010507,0.0,0.0,0.0
2022-01-18 18:46:57.503962,0.0,0.0,0.0
2022-01-18 18:46:58.003376,0.0,0.0,0.0
2022-01-18 18:46:58.508553,0.0,0.0,0.0
2022-01-18 18:46:59.006329,0.0,0.0,0.0
2022-01-18 18:46:59.510877,0.0,0.0,0.0
2022-01-18 18:47:00.008860,0.0,0.0,0.0
2022-01-18 18:47:00.504614,0.0,0.0,0.0
2022-01-18 18:47:01.002082,0.0,0.0,0.0
2022-01-18 18:47:01.509795,0.0,0.0,0.0
2022-01-18 18:47:02.007614,0.0,0.0,0.0
2022-01-18 18:47:02.501307,0.0,0.0,0.0
2022-01-18 18:47:03.001777,0.0,0.0,0.0
2022-01-18 18:47:03.506313,0.0,0.0,0.0
2022-01-18 18:47:04.004751,0.0,0.0,0.0
2022-01-18 18:47:04.510013,0.0,0.0,0.0
2022-01-18 18:47:05.006898,0.0,0.0,0.0
2022-01-18 18:47:05.511164,0.0,0.0,0.0
2022-01-18 18:47:06.009785,0.0,0.0,0.0
2022-01-18 18:47:06.504460,0.0,0.0,0.0
2022-01-18 18:47:07.001840,0.0,0.0,0.0
2022-01-18 18:47:07.506463,0.0,0.0,0.0
2022-01-18 18:47:08.005193,0.0,0.0,0.0
2022-01-18 18:47:08.509880,0.0,0.0,0.0
2022-01-18 18:47:09.007204,0.0,0.0,0.0
2022-01-18 18:47:09.501919,0.0,0.0,0.0
2022-01-18 18:47:10.009156,0.0,0.0,0.0
2022-01-18 18:47:10.505852,0.0,0.0,0.0
2022-01-18 18:47:11.010750,0.0,0.0,0.0
2022-01-18 18:47:11.505068,0.0,0.0,0.0
2022-01-18 18:47:12.003038,0.0,0.0,0.0
2022-01-18 18:47:12.506751,0.0,0.0,0.0
2022-01-18 18:47:13.004082,0.0,0.0,0.0
2022-01-18 18:47:13.508338,0.0,0.0,0.0
2022-01-18 18:47:14.005165,0.0,0.0,0.0
2022-01-18 18:47:14.509658,0.0,0.0,0.0
2022-01-18 18:47:15.009565,0.0,0.0,0.0
2022-01-18 18:47:15.504698,0.0,0.0,0.0
2022-01-18 18:47:16.001978,0.0,0.0,0.0
2022-01-18 18:47:16.507519,0.0,0.0,0.0
2022-01-18 18:47:17.005034,0.0,0.0,0.0
2022-01-18 18:47:17.509377,0.0,0.0,0.0
2022-01-18 18:47:18.006993,0.0,0.0,0.0
2022-01-18 18:47:18.501519,0.0,0.0,0.0
2022-01-18 18:47:19.008810,0.0,0.0,0.0
2022-01-18 18:47:19.502894,0.0,0.0,0.0
2022-01-18 18:47:20.010563,0.0,0.0,0.0
2022-01-18 18:47:20.505541,0.0,0.0,0.0
2022-01-18 18:47:21.003558,0.0,0.0,0.0
2022-01-18 18:47:21.507464,0.0,0.0,0.0
2022-01-18 18:47:22.006502,0.0,0.0,0.0
2022-01-18 18:47:22.511304,0.0,0.0,0.0
2022-01-18 18:47:23.008031,0.0,0.0,0.0
2022-01-18 18:47:23.504111,0.0,0.0,0.0
2022-01-18 18:47:24.002927,0.0,0.0,0.0
2022-01-18 18:47:24.507810,0.0,0.0,0.0
2022-01-18 18:47:25.004434,0.0,0.0,0.0
2022-01-18 18:47:25.508790,0.0,0.0,0.0
2022-01-18 18:47:26.006830,0.0,0.0,0.0
2022-01-18 18:47:26.502614,0.0,0.0,0.0
2022-01-18 18:47:27.009351,0.0,0.0,0.0
2022-01-18 18:47:27.503107,0.0,0.0,0.0
2022-01-18 18:47:28.001333,0.0,0.0,0.0
2022-01-18 18:47:28.508311,0.0,0.0,0.0
2022-01-18 18:47:29.007041,0.0,0.0,0.0
2022-01-18 18:47:29.502091,0.0,0.0,0.0
2022-01-18 18:47:30.010397,0.0,0.0,0.0
2022-01-18 18:47:30.503241,0.0,0.0,0.0
2022-01-18 18:47:31.002635,0.0,0.0,0.0
2022-01-18 18:47:31.506356,0.0,0.0,0.0
2022-01-18 18:47:32.003287,0.0,0.0,0.0
2022-01-18 18:47:32.509429,0.0,0.0,0.0
2022-01-18 18:47:33.006596,0.0,0.0,0.0
2022-01-18 18:47:33.503662,0.0,0.0,0.0
2022-01-18 18:47:34.001823,0.0,0.0,0.0
2022-01-18 18:47:34.508187,0.0,0.0,0.0
2022-01-18 18:47:35.007241,0.0,0.0,0.0
2022-01-18 18:47:35.502898,0.0,0.0,0.0
2022-01-18 18:47:36.010693,0.0,0.0,0.0
2022-01-18 18:47:36.505104,0.0,0.0,0.0
2022-01-18 18:47:37.002221,0.0,0.0,0.0
2022-01-18 18:47:37.508037,0.0,0.0,0.0
2022-01-18 18:47:38.008174,0.0,0.0,0.0
2022-01-18 18:47:38.503332,0.0,0.0,0.0
2022-01-18 18:47:39.001686,0.0,0.0,0.0
2022-01-18 18:47:39.504646,0.0,0.0,0.0
2022-01-18 18:47:40.002487,0.0,0.0,0.0
2022-01-18 18:47:40.507436,0.0,0.0,0.0
2022-01-18 18:47:41.005006,0.0,0.0,0.0
2022-01-18 18:47:41.509787,0.0,0.0,0.0
2022-01-18 18:47:42.007424,0.0,0.0,0.0
2022-01-18 18:47:42.502372,0.0,0.0,0.0
2022-01-18 18:47:43.009027,0.0,0.0,0.0
2022-01-18 18:47:43.504542,0.0,0.0,0.0
2022-01-18 18:47:44.002925,0.0,0.0,0.0
2022-01-18 18:47:44.507357,0.0,0.0,0.0
2022-01-18 18:47:45.005209,0.0,0.0,0.0
2022-01-18 18:47:45.501840,0.0,0.0,0.0
2022-01-18 18:47:46.009098,0.0,0.0,0.0
2022-01-18 18:47:46.505503,0.0,0.0,0.0
2022-01-18 18:47:47.003478,0.0,0.0,0.0
2022-01-18 18:47:47.508062,0.0,0.0,0.0
2022-01-18 18:47:48.005919,0.0,0.0,0.0
2022-01-18 18:47:48.510483,0.0,0.0,0.0
2022-01-18 18:47:49.008937,0.0,0.0,0.0
2022-01-18 18:47:49.502518,0.0,0.0,0.0
2022-01-18 18:47:50.010553,0.0,0.0,0.0
2022-01-18 18:47:50.504451,0.0,0.0,0.0
2022-01-18 18:47:51.003732,0.0,0.0,0.0
2022-01-18 18:47:51.507739,0.0,0.0,0.0
2022-01-18 18:47:52.005389,0.0,0.0,0.0
2022-01-18 18:47:52.509692,0.0,0.0,0.0
2022-01-18 18:47:53.007241,0.0,0.0,0.0
2022-01-18 18:47:53.502820,0.0,0.0,0.0
2022-01-18 18:47:54.010290,0.0,0.0,0.0
2022-01-18 18:47:54.504175,0.0,0.0,0.0
2022-01-18 18:47:55.002786,0.0,0.0,0.0
2022-01-18 18:47:55.508388,0.0,0.0,0.0
2022-01-18 18:47:56.004673,0.0,0.0,0.0
2022-01-18 18:47:56.510326,0.0,0.0,0.0
2022-01-18 18:47:57.007306,0.0,0.0,0.0
2022-01-18 18:47:57.501321,0.0,0.0,0.0
2022-01-18 18:47:58.008893,0.0,0.0,0.0
2022-01-18 18:47:58.503810,0.0,0.0,0.0
2022-01-18 18:47:59.002979,0.0,0.0,0.0
2022-01-18 18:47:59.507244,0.0,0.0,0.0
2022-01-18 18:48:00.006140,0.0,0.0,0.0
2022-01-18 18:48:00.502523,0.0,0.0,0.0
2022-01-18 18:48:01.010824,0.0,0.0,0.0
2022-01-18 18:48:01.506872,0.0,0.0,0.0
2022-01-18 18:48:02.004517,0.0,0.0,0.0
2022-01-18 18:48:02.508152,0.0,0.0,0.0
2022-01-18 18:48:03.006626,0.0,0.0,0.0
2022-01-18 18:48:03.503442,0.0,0.0,0.0
2022-01-18 18:48:04.005017,0.0,0.0,0.0
2022-01-18 18:48:04.510528,0.0,0.0,0.0
2022-01-18 18:48:05.008622,0.0,0.0,0.0
2022-01-18 18:48:05.502934,0.0,0.0,0.0
2022-01-18 18:48:06.010612,0.0,0.0,0.0
2022-01-18 18:48:06.505468,0.0,0.0,0.0
2022-01-18 18:48:07.004690,0.0,0.0,0.0
2022-01-18 18:48:07.510738,0.0,0.0,0.0
2022-01-18 18:48:08.007913,0.0,0.0,0.0
2022-01-18 18:48:08.505079,0.0,0.0,0.0
2022-01-18 18:48:09.001865,0.0,0.0,0.0
2022-01-18 18:48:09.505841,0.0,0.0,0.0
2022-01-18 18:48:10.003705,0.0,0.0,0.0
2022-01-18 18:48:10.508960,0.0,0.0,0.0
2022-01-18 18:48:11.007868,0.0,0.0,0.0
2022-01-18 18:48:11.502246,0.0,0.0,0.0
2022-01-18 18:48:12.009905,0.0,0.0,0.0
2022-01-18 18:48:12.506994,0.0,0.0,0.0
2022-01-18 18:48:13.006096,0.0,0.0,0.0
2022-01-18 18:48:13.511034,0.0,0.0,0.0
2022-01-18 18:48:14.010317,0.0,0.0,0.0
2022-01-18 18:48:14.504586,0.0,0.0,0.0
2022-01-18 18:48:15.002438,0.0,0.0,0.0
2022-01-18 18:48:15.507775,0.0,0.0,0.0
2022-01-18 18:48:16.005689,0.0,0.0,0.0
2022-01-18 18:48:16.509252,0.0,0.0,0.0
2022-01-18 18:48:17.006774,0.0,0.0,0.0
2022-01-18 18:48:17.502740,0.0,0.0,0.0
2022-01-18 18:48:18.011133,0.0,0.0,0.0
2022-01-18 18:48:18.507372,0.0,0.0,0.0
2022-01-18 18:48:19.004486,0.0,0.0,0.0
2022-01-18 18:48:19.510217,0.0,0.0,0.0
2022-01-18 18:48:20.008034,0.0,0.0,0.0
2022-01-18 18:48:20.501815,0.0,0.0,0.0
2022-01-18 18:48:21.009861,0.0,0.0,0.0
2022-01-18 18:48:21.505239,0.0,0.0,0.0
2022-01-18 18:48:22.005115,0.0,0.0,0.0
2022-01-18 18:48:22.509031,0.0,0.0,0.0
2022-01-18 18:48:23.006851,0.0,0.0,0.0
2022-01-18 18:48:23.502089,0.0,0.0,0.0
2022-01-18 18:48:24.009038,0.0,0.0,0.0
2022-01-18 18:48:24.503374,0.0,0.0,0.0
2022-01-18 18:48:25.001289,0.0,0.0,0.0
2022-01-18 18:48:25.507216,0.0,0.0,0.0
2022-01-18 18:48:26.006245,0.0,0.0,0.0
2022-01-18 18:48:26.501379,0.0,0.0,0.0
2022-01-18 18:48:27.010224,0.0,0.0,0.0
2022-01-18 18:48:27.506608,0.0,0.0,0.0
2022-01-18 18:48:28.004083,0.0,0.0,0.0
2022-01-18 18:48:28.510290,0.0,0.0,0.0
2022-01-18 18:48:29.007435,0.0,0.0,0.0
2022-01-18 18:48:29.503516,0.0,0.0,0.0
2022-01-18 18:48:30.001308,0.0,0.0,0.0
2022-01-18 18:48:30.506782,0.0,0.0,0.0
2022-01-18 18:48:31.005550,0.0,0.0,0.0
2022-01-18 18:48:31.501359,0.0,0.0,0.0
2022-01-18 18:48:32.010306,0.0,0.0,0.0
2022-01-18 18:48:32.505131,0.0,0.0,0.0
2022-01-18 18:48:33.002379,0.0,0.0,0.0
2022-01-18 18:48:33.506957,0.0,0.0,0.0
2022-01-18 18:48:34.004490,0.0,0.0,0.0
2022-01-18 18:48:34.509828,0.0,0.0,0.0
2022-01-18 18:48:35.008599,0.0,0.0,0.0
2022-01-18 18:48:35.503297,0.0,0.0,0.0
2022-01-18 18:48:36.001692,0.0,0.0,0.0
2022-01-18 18:48:36.506413,0.0,0.0,0.0
2022-01-18 18:48:37.002987,0.0,0.0,0.0
2022-01-18 18:48:37.509807,0.0,0.0,0.0
2022-01-18 18:48:38.006676,0.0,0.0,0.0
2022-01-18 18:48:38.502702,0.0,0.0,0.0
2022-01-18 18:48:39.010243,0.0,0.0,0.0
2022-01-18 18:48:39.506489,0.0,0.0,0.0
2022-01-18 18:48:40.003217,0.0,0.0,0.0
2022-01-18 18:48:40.509865,0.0,0.0,0.0
2022-01-18 18:48:41.007856,0.0,0.0,0.0
2022-01-18 18:48:41.502135,0.0,0.0,0.0
2022-01-18 18:48:42.009491,0.0,0.0,0.0
2022-01-18 18:48:42.503398,0.0,0.0,0.0
2022-01-18 18:48:43.009827,0.0,0.0,0.0
2022-01-18 18:48:43.504281,0.0,0.0,0.0
2022-01-18 18:48:44.003816,0.0,0.0,0.0
2022-01-18 18:48:44.509146,0.0,0.0,0.0
2022-01-18 18:48:45.007708,0.0,0.0,0.0
2022-01-18 18:48:45.510787,0.0,0.0,0.0
2022-01-18 18:48:46.007951,0.0,0.0,0.0
2022-01-18 18:48:46.503933,0.0,0.0,0.0
2022-01-18 18:48:47.002753,0.0,0.0,0.0
2022-01-18 18:48:47.507013,0.0,0.0,0.0
2022-01-18 18:48:48.006484,0.0,0.0,0.0
2022-01-18 18:48:48.503419,0.0,0.0,0.0
2022-01-18 18:48:49.010587,0.0,0.0,0.0
2022-01-18 18:48:49.506193,0.0,0.0,0.0
2022-01-18 18:48:50.004172,0.0,0.0,0.0
2022-01-18 18:48:50.509137,0.0,0.0,0.0
2022-01-18 18:48:51.006512,0.0,0.0,0.0
2022-01-18 18:48:51.510751,0.0,0.0,0.0
2022-01-18 18:48:52.008125,0.0,0.0,0.0
2022-01-18 18:48:52.503165,0.0,0.0,0.0
2022-01-18 18:48:53.003377,0.0,0.0,0.0
2022-01-18 18:48:53.510679,0.0,0.0,0.0
2022-01-18 18:48:54.005018,0.0,0.0,0.0
2022-01-18 18:48:54.510120,0.0,0.0,0.0
2022-01-18 18:48:55.006928,0.0,0.0,0.0
2022-01-18 18:48:55.501259,0.0,0.0,0.0
2022-01-18 18:48:56.008531,0.0,0.0,0.0
2022-01-18 18:48:56.505685,0.0,0.0,0.0
2022-01-18 18:48:57.004530,0.0,0.0,0.0
2022-01-18 18:48:57.510366,0.0,0.0,0.0
2022-01-18 18:48:58.007426,0.0,0.0,0.0
2022-01-18 18:48:58.501776,0.0,0.0,0.0
2022-01-18 18:48:59.010794,0.0,0.0,0.0
2022-01-18 18:48:59.506137,0.0,0.0,0.0
2022-01-18 18:49:00.004056,0.0,0.0,0.0
2022-01-18 18:49:00.510092,0.0,0.0,0.0
2022-01-18 18:49:01.008179,0.0,0.0,0.0
2022-01-18 18:49:01.504194,0.0,0.0,0.0
2022-01-18 18:49:02.003353,0.0,0.0,0.0
2022-01-18 18:49:02.509281,0.0,0.0,0.0
2022-01-18 18:49:03.010802,0.0,0.0,0.0
2022-01-18 18:49:03.504243,0.0,0.0,0.0
2022-01-18 18:49:04.003170,0.0,0.0,0.0
2022-01-18 18:49:04.509112,0.0,0.0,0.0
2022-01-18 18:49:05.005786,0.0,0.0,0.0
2022-01-18 18:49:05.501019,0.0,0.0,0.0
2022-01-18 18:49:06.008399,0.0,0.0,0.0
2022-01-18 18:49:06.503936,0.0,0.0,0.0
2022-01-18 18:49:07.002062,0.0,0.0,0.0
2022-01-18 18:49:07.502867,0.0,0.0,0.0
2022-01-18 18:49:08.003137,0.0,0.0,0.0
2022-01-18 18:49:08.509712,0.0,0.0,0.0
2022-01-18 18:49:09.007873,0.0,0.0,0.0
2022-01-18 18:49:09.503669,0.0,0.0,0.0
2022-01-18 18:49:10.004224,0.0,0.0,0.0
2022-01-18 18:49:10.509966,0.0,0.0,0.0
2022-01-18 18:49:11.007544,0.0,0.0,0.0
2022-01-18 18:49:11.502264,0.0,0.0,0.0
2022-01-18 18:49:12.010141,0.0,0.0,0.0
2022-01-18 18:49:12.504449,0.0,0.0,0.0
2022-01-18 18:49:13.002758,0.0,0.0,0.0
2022-01-18 18:49:13.508164,0.0,0.0,0.0
2022-01-18 18:49:14.007319,0.0,0.0,0.0
2022-01-18 18:49:14.501071,0.0,0.0,0.0
2022-01-18 18:49:15.009781,0.0,0.0,0.0
2022-01-18 18:49:15.504565,0.0,0.0,0.0
2022-01-18 18:49:16.002082,0.0,0.0,0.0
2022-01-18 18:49:16.507557,0.0,0.0,0.0
2022-01-18 18:49:17.006434,0.0,0.0,0.0
2022-01-18 18:49:17.511286,0.0,0.0,0.0
2022-01-18 18:49:18.009973,0.0,0.0,0.0
2022-01-18 18:49:18.503928,0.0,0.0,0.0
2022-01-18 18:49:19.001236,0.0,0.0,0.0
2022-01-18 18:49:19.509681,0.0,0.0,0.0
2022-01-18 18:49:20.007544,0.0,0.0,0.0
2022-01-18 18:49:20.503705,0.0,0.0,0.0
2022-01-18 18:49:21.002410,0.0,0.0,0.0
2022-01-18 18:49:21.506801,0.0,0.0,0.0
2022-01-18 18:49:22.003829,0.0,0.0,0.0
2022-01-18 18:49:22.510154,0.0,0.0,0.0
2022-01-18 18:49:23.008267,0.0,0.0,0.0
2022-01-18 18:49:23.505748,0.0,0.0,0.0
2022-01-18 18:49:24.004122,0.0,0.0,0.0
2022-01-18 18:49:24.509448,0.0,0.0,0.0
2022-01-18 18:49:25.007520,0.0,0.0,0.0
2022-01-18 18:49:25.502454,0.0,0.0,0.0
2022-01-18 18:49:26.010518,0.0,0.0,0.0
2022-01-18 18:49:26.504732,0.0,0.0,0.0
2022-01-18 18:49:27.002310,0.0,0.0,0.0
2022-01-18 18:49:27.507543,0.0,0.0,0.0
2022-01-18 18:49:28.003785,0.0,0.0,0.0
2022-01-18 18:49:28.509953,0.0,0.0,0.0
2022-01-18 18:49:29.008678,0.0,0.0,0.0
2022-01-18 18:49:29.503953,0.0,0.0,0.0
2022-01-18 18:49:30.001830,0.0,0.0,0.0
2022-01-18 18:49:30.505532,0.0,0.0,0.0
2022-01-18 18:49:31.003725,0.0,0.0,0.0
2022-01-18 18:49:31.508519,0.0,0.0,0.0
2022-01-18 18:49:32.005105,0.0,0.0,0.0
2022-01-18 18:49:32.510217,0.0,0.0,0.0
2022-01-18 18:49:33.008603,0.0,0.0,0.0
2022-01-18 18:49:33.503960,0.0,0.0,0.0
2022-01-18 18:49:34.001718,0.0,0.0,0.0
2022-01-18 18:49:34.504972,0.0,0.0,0.0
2022-01-18 18:49:35.002030,0.0,0.0,0.0
2022-01-18 18:49:35.506735,0.0,0.0,0.0
2022-01-18 18:49:36.004362,0.0,0.0,0.0
2022-01-18 18:49:36.509672,0.0,0.0,0.0
2022-01-18 18:49:37.006495,0.0,0.0,0.0
2022-01-18 18:49:37.506138,0.0,0.0,0.0
2022-01-18 18:49:38.002790,0.0,0.0,0.0
2022-01-18 18:49:38.507000,0.0,0.0,0.0
2022-01-18 18:49:39.003047,0.0,0.0,0.0
2022-01-18 18:49:39.507548,0.0,0.0,0.0
2022-01-18 18:49:40.005342,0.0,0.0,0.0
2022-01-18 18:49:40.510579,0.0,0.0,0.0
2022-01-18 18:49:41.007452,0.0,0.0,0.0
2022-01-18 18:49:41.501850,0.0,0.0,0.0
2022-01-18 18:49:42.010664,0.0,0.0,0.0
2022-01-18 18:49:42.504195,0.0,0.0,0.0
2022-01-18 18:49:43.003636,0.0,0.0,0.0
2022-01-18 18:49:43.507967,0.0,0.0,0.0
2022-01-18 18:49:44.007152,0.0,0.0,0.0
2022-01-18 18:49:44.502242,0.0,0.0,0.0
2022-01-18 18:49:45.010280,0.0,0.0,0.0
2022-01-18 18:49:45.505257,0.0,0.0,0.0
2022-01-18 18:49:46.001766,0.0,0.0,0.0
2022-01-18 18:49:46.508808,0.0,0.0,0.0
2022-01-18 18:49:47.006151,0.0,0.0,0.0
2022-01-18 18:49:47.501388,0.0,0.0,0.0
2022-01-18 18:49:48.009464,0.0,0.0,0.0
2022-01-18 18:49:48.502295,0.0,0.0,0.0
2022-01-18 18:49:49.010395,0.0,0.0,0.0
2022-01-18 18:49:49.504907,0.0,0.0,0.0
2022-01-18 18:49:50.002792,0.0,0.0,0.0
2022-01-18 18:49:50.508150,0.0,0.0,0.0
2022-01-18 18:49:51.006942,0.0,0.0,0.0
2022-01-18 18:49:51.501559,0.0,0.0,0.0
2022-01-18 18:49:52.009143,0.0,0.0,0.0
2022-01-18 18:49:52.505496,0.0,0.0,0.0
2022-01-18 18:49:53.002256,0.0,0.0,0.0
2022-01-18 18:49:53.506696,0.0,0.0,0.0
2022-01-18 18:49:54.002402,0.0,0.0,0.0
2022-01-18 18:49:54.507400,0.0,0.0,0.0
2022-01-18 18:49:55.005608,0.0,0.0,0.0
2022-01-18 18:49:55.502570,0.0,0.0,0.0
2022-01-18 18:49:56.010662,0.0,0.0,0.0
2022-01-18 18:49:56.506077,0.0,0.0,0.0
2022-01-18 18:49:57.003504,0.0,0.0,0.0
2022-01-18 18:49:57.506672,0.0,0.0,0.0
2022-01-18 18:49:58.004059,0.0,0.0,0.0
2022-01-18 18:49:58.508831,0.0,0.0,0.0
2022-01-18 18:49:59.006736,0.0,0.0,0.0
2022-01-18 18:49:59.509934,0.0,0.0,0.0
2022-01-18 18:50:00.007909,0.0,0.0,0.0
2022-01-18 18:50:00.502258,0.0,0.0,0.0
2022-01-18 18:50:01.009117,0.0,0.0,0.0
2022-01-18 18:50:01.503457,0.0,0.0,0.0
2022-01-18 18:50:02.002024,0.0,0.0,0.0
2022-01-18 18:50:02.507946,0.0,0.0,0.0
2022-01-18 18:50:03.005247,0.0,0.0,0.0
2022-01-18 18:50:03.509309,0.0,0.0,0.0
2022-01-18 18:50:04.007689,0.0,0.0,0.0
2022-01-18 18:50:04.504543,0.0,0.0,0.0
2022-01-18 18:50:05.001622,0.0,0.0,0.0
2022-01-18 18:50:05.506268,0.0,0.0,0.0
2022-01-18 18:50:06.004147,0.0,0.0,0.0
2022-01-18 18:50:06.507714,0.0,0.0,0.0
2022-01-18 18:50:07.006190,0.0,0.0,0.0
2022-01-18 18:50:07.501197,0.0,0.0,0.0
2022-01-18 18:50:08.007491,0.0,0.0,0.0
2022-01-18 18:50:08.504789,0.0,0.0,0.0
2022-01-18 18:50:09.001777,0.0,0.0,0.0
2022-01-18 18:50:09.505497,0.0,0.0,0.0
2022-01-18 18:50:10.003433,0.0,0.0,0.0
2022-01-18 18:50:10.508345,0.0,0.0,0.0
2022-01-18 18:50:11.002612,0.0,0.0,0.0
2022-01-18 18:50:11.509950,0.0,0.0,0.0
2022-01-18 18:50:12.008287,0.0,0.0,0.0
2022-01-18 18:50:12.501532,0.0,0.0,0.0
2022-01-18 18:50:13.001908,0.0,0.0,0.0
2022-01-18 18:50:13.508467,0.0,0.0,0.0
2022-01-18 18:50:14.007836,0.0,0.0,0.0
2022-01-18 18:50:14.502352,0.0,0.0,0.0
2022-01-18 18:50:15.010525,0.0,0.0,0.0
2022-01-18 18:50:15.505138,0.0,0.0,0.0
2022-01-18 18:50:16.001878,0.0,0.0,0.0
2022-01-18 18:50:16.508601,0.0,0.0,0.0
2022-01-18 18:50:17.007097,0.0,0.0,0.0
2022-01-18 18:50:17.504092,0.0,0.0,0.0
2022-01-18 18:50:18.001308,0.0,0.0,0.0
2022-01-18 18:50:18.507116,0.0,0.0,0.0
2022-01-18 18:50:19.006414,0.0,0.0,0.0
2022-01-18 18:50:19.510706,0.0,0.0,0.0
2022-01-18 18:50:20.007607,0.0,0.0,0.0
2022-01-18 18:50:20.501625,0.0,0.0,0.0
2022-01-18 18:50:21.009155,0.0,0.0,0.0
2022-01-18 18:50:21.505126,0.0,0.0,0.0
2022-01-18 18:50:22.002271,0.0,0.0,0.0
2022-01-18 18:50:22.507549,0.0,0.0,0.0
2022-01-18 18:50:23.007126,0.0,0.0,0.0
2022-01-18 18:50:23.511392,0.0,0.0,0.0
2022-01-18 18:50:24.010004,0.0,0.0,0.0
2022-01-18 18:50:24.505448,0.0,0.0,0.0
2022-01-18 18:50:25.002808,0.0,0.0,0.0
2022-01-18 18:50:25.507632,0.0,0.0,0.0
2022-01-18 18:50:26.007545,0.0,0.0,0.0
2022-01-18 18:50:26.502983,0.0,0.0,0.0
2022-01-18 18:50:27.001051,0.0,0.0,0.0
2022-01-18 18:50:27.505866,0.0,0.0,0.0
2022-01-18 18:50:28.003547,0.0,0.0,0.0
2022-01-18 18:50:28.509190,0.0,0.0,0.0
2022-01-18 18:50:29.006162,0.0,0.0,0.0
2022-01-18 18:50:29.501452,0.0,0.0,0.0
2022-01-18 18:50:30.008893,0.0,0.0,0.0
2022-01-18 18:50:30.505725,0.0,0.0,0.0
2022-01-18 18:50:31.003031,0.0,0.0,0.0
2022-01-18 18:50:31.507876,0.0,0.0,0.0
2022-01-18 18:50:32.007764,0.0,0.0,0.0
2022-01-18 18:50:32.502723,0.0,0.0,0.0
2022-01-18 18:50:33.009986,0.0,0.0,0.0
2022-01-18 18:50:33.503222,0.0,0.0,0.0
2022-01-18 18:50:34.010790,0.0,0.0,0.0
2022-01-18 18:50:34.504934,0.0,0.0,0.0
2022-01-18 18:50:35.004338,0.0,0.0,0.0
2022-01-18 18:50:35.501225,0.0,0.0,0.0
2022-01-18 18:50:36.008869,0.0,0.0,0.0
2022-01-18 18:50:36.503216,0.0,0.0,0.0
2022-01-18 18:50:37.001976,0.0,0.0,0.0
2022-01-18 18:50:37.506977,0.0,0.0,0.0
2022-01-18 18:50:38.005480,0.0,0.0,0.0
2022-01-18 18:50:38.501384,0.0,0.0,0.0
2022-01-18 18:50:39.009811,0.0,0.0,0.0
2022-01-18 18:50:39.505767,0.0,0.0,0.0
2022-01-18 18:50:40.004735,0.0,0.0,0.0
2022-01-18 18:50:40.509894,0.0,0.0,0.0
2022-01-18 18:50:41.006311,0.0,0.0,0.0
2022-01-18 18:50:41.501441,0.0,0.0,0.0
2022-01-18 18:50:42.009130,0.0,0.0,0.0
2022-01-18 18:50:42.503318,0.0,0.0,0.0
2022-01-18 18:50:43.005785,0.0,0.0,0.0
2022-01-18 18:50:43.502816,0.0,0.0,0.0
2022-01-18 18:50:44.006280,0.0,0.0,0.0
2022-01-18 18:50:44.501034,0.0,0.0,0.0
2022-01-18 18:50:45.010308,0.0,0.0,0.0
2022-01-18 18:50:45.504707,0.0,0.0,0.0
2022-01-18 18:50:46.002450,0.0,0.0,0.0
2022-01-18 18:50:46.506301,0.0,0.0,0.0
2022-01-18 18:50:47.006945,0.0,0.0,0.0
2022-01-18 18:50:47.503417,0.0,0.0,0.0
2022-01-18 18:50:48.001881,0.0,0.0,0.0
2022-01-18 18:50:48.508783,0.0,0.0,0.0
2022-01-18 18:50:49.006092,0.0,0.0,0.0
2022-01-18 18:50:49.511176,0.0,0.0,0.0
2022-01-18 18:50:50.010366,0.0,0.0,0.0
2022-01-18 18:50:50.503943,0.0,0.0,0.0
2022-01-18 18:50:51.002374,0.0,0.0,0.0
2022-01-18 18:50:51.507042,0.0,0.0,0.0
2022-01-18 18:50:52.004513,0.0,0.0,0.0
2022-01-18 18:50:52.508640,0.0,0.0,0.0
2022-01-18 18:50:53.008842,0.0,0.0,0.0
2022-01-18 18:50:53.503107,0.0,0.0,0.0
2022-01-18 18:50:54.010482,0.0,0.0,0.0
2022-01-18 18:50:54.504707,0.0,0.0,0.0
2022-01-18 18:50:55.003256,0.0,0.0,0.0
2022-01-18 18:50:56.005772,0.0,0.0,0.0
2022-01-18 18:50:56.501127,0.0,0.0,0.0
2022-01-18 18:50:57.009665,0.0,0.0,0.0
2022-01-18 18:50:57.503555,0.0,0.0,0.0
2022-01-18 18:50:58.002653,0.0,0.0,0.0
2022-01-18 18:50:58.506335,0.0,0.0,0.0
2022-01-18 18:50:59.004758,0.0,0.0,0.0
2022-01-18 18:50:59.501233,0.0,0.0,0.0
2022-01-18 18:51:00.008489,0.0,0.0,0.0
2022-01-18 18:51:00.502561,0.0,0.0,0.0
2022-01-18 18:51:01.009881,0.0,0.0,0.0
2022-01-18 18:51:01.505923,0.0,0.0,0.0
2022-01-18 18:51:02.004829,0.0,0.0,0.0
2022-01-18 18:51:02.509888,0.0,0.0,0.0
2022-01-18 18:51:03.007632,0.0,0.0,0.0
2022-01-18 18:51:03.502578,0.0,0.0,0.0
2022-01-18 18:51:04.010660,0.0,0.0,0.0
2022-01-18 18:51:04.505522,0.0,0.0,0.0
2022-01-18 18:51:05.002763,0.0,0.0,0.0
2022-01-18 18:51:05.507959,0.0,0.0,0.0
2022-01-18 18:51:06.006876,0.0,0.0,0.0
2022-01-18 18:51:06.502758,0.0,0.0,0.0
2022-01-18 18:51:07.009680,0.0,0.0,0.0
2022-01-18 18:51:07.504278,0.0,0.0,0.0
2022-01-18 18:51:08.003529,0.0,0.0,0.0
2022-01-18 18:51:08.503034,0.0,0.0,0.0
2022-01-18 18:51:09.000985,0.0,0.0,0.0
2022-01-18 18:51:09.506482,0.0,0.0,0.0
2022-01-18 18:51:10.002677,0.0,0.0,0.0
2022-01-18 18:51:10.507991,0.0,0.0,0.0
2022-01-18 18:51:11.505820,0.0,0.0,0.0
2022-01-18 18:51:12.004101,0.0,0.0,0.0
2022-01-18 18:51:12.508259,0.0,0.0,0.0
2022-01-18 18:51:13.006382,0.0,0.0,0.0
2022-01-18 18:51:13.502991,0.0,0.0,0.0
2022-01-18 18:51:14.009883,0.0,0.0,0.0
2022-01-18 18:51:14.508649,0.0,0.0,0.0
2022-01-18 18:51:15.005164,0.0,0.0,0.0
2022-01-18 18:51:15.501811,0.0,0.0,0.0
2022-01-18 18:51:16.008761,0.0,0.0,0.0
2022-01-18 18:51:16.504636,0.0,0.0,0.0
2022-01-18 18:51:17.003129,0.0,0.0,0.0
2022-01-18 18:51:17.510277,0.0,0.0,0.0
2022-01-18 18:51:18.007627,0.0,0.0,0.0
2022-01-18 18:51:18.501421,0.0,0.0,0.0
2022-01-18 18:51:19.008212,0.0,0.0,0.0
2022-01-18 18:51:19.501754,0.0,0.0,0.0
2022-01-18 18:51:20.009995,0.0,0.0,0.0
2022-01-18 18:51:20.505214,0.0,0.0,0.0
2022-01-18 18:51:21.002932,0.0,0.0,0.0
2022-01-18 18:51:21.508190,0.0,0.0,0.0
2022-01-18 18:51:22.006331,0.0,0.0,0.0
2022-01-18 18:51:23.004724,0.0,0.0,0.0
2022-01-18 18:51:23.509866,0.0,0.0,0.0
2022-01-18 18:51:24.006391,0.0,0.0,0.0
2022-01-18 18:51:24.502272,0.0,0.0,0.0
2022-01-18 18:51:25.011404,0.0,0.0,0.0
2022-01-18 18:51:25.505132,0.0,0.0,0.0
2022-01-18 18:51:26.011006,0.0,0.0,0.0
2022-01-18 18:51:26.506773,0.0,0.0,0.0
2022-01-18 18:51:27.003361,0.0,0.0,0.0
2022-01-18 18:51:27.509120,0.0,0.0,0.0
2022-01-18 18:51:28.006351,0.0,0.0,0.0
2022-01-18 18:51:29.005235,0.0,0.0,0.0
2022-01-18 18:51:29.509768,0.0,0.0,0.0
2022-01-18 18:51:30.006422,0.0,0.0,0.0
2022-01-18 18:51:30.509753,0.0,0.0,0.0
2022-01-18 18:51:31.009292,0.0,0.0,0.0
2022-01-18 18:51:31.504131,0.0,0.0,0.0
2022-01-18 18:51:32.002273,0.0,0.0,0.0
2022-01-18 18:51:32.506861,0.0,0.0,0.0
2022-01-18 18:51:33.004804,0.0,0.0,0.0
2022-01-18 18:51:33.501446,0.0,0.0,0.0
2022-01-18 18:51:34.009567,0.0,0.0,0.0
2022-01-18 18:51:34.505051,0.0,0.0,0.0
2022-01-18 18:51:35.002282,0.0,0.0,0.0
2022-01-18 18:51:35.507895,0.0,0.0,0.0
2022-01-18 18:51:36.005682,0.0,0.0,0.0
2022-01-18 18:51:36.501183,0.0,0.0,0.0
2022-01-18 18:51:37.009300,0.0,0.0,0.0
2022-01-18 18:51:37.504273,0.0,0.0,0.0
2022-01-18 18:51:38.002442,0.0,0.0,0.0
2022-01-18 18:51:38.508089,0.0,0.0,0.0
2022-01-18 18:51:39.006994,0.0,0.0,0.0
2022-01-18 18:51:39.504411,0.0,0.0,0.0
2022-01-18 18:51:40.001954,0.0,0.0,0.0
2022-01-18 18:51:40.505856,0.0,0.0,0.0
2022-01-18 18:51:41.003996,0.0,0.0,0.0
2022-01-18 18:51:41.510037,0.0,0.0,0.0
2022-01-18 18:51:42.006390,0.0,0.0,0.0
2022-01-18 18:51:42.502596,0.0,0.0,0.0
2022-01-18 18:51:43.010483,0.0,0.0,0.0
2022-01-18 18:51:43.506098,0.0,0.0,0.0
2022-01-18 18:51:44.002549,0.0,0.0,0.0
2022-01-18 18:51:44.507918,0.0,0.0,0.0
2022-01-18 18:51:45.005942,0.0,0.0,0.0
2022-01-18 18:51:45.510670,0.0,0.0,0.0
2022-01-18 18:51:46.007834,0.0,0.0,0.0
2022-01-18 18:51:46.501971,0.0,0.0,0.0
2022-01-18 18:51:47.009897,0.0,0.0,0.0
2022-01-18 18:51:47.504400,0.0,0.0,0.0
2022-01-18 18:51:48.004829,0.0,0.0,0.0
2022-01-18 18:51:48.509043,0.0,0.0,0.0
2022-01-18 18:51:49.006770,0.0,0.0,0.0
2022-01-18 18:51:49.510926,0.0,0.0,0.0
2022-01-18 18:51:50.007797,0.0,0.0,0.0
2022-01-18 18:51:50.502503,0.0,0.0,0.0
2022-01-18 18:51:51.010628,0.0,0.0,0.0
2022-01-18 18:51:51.505116,0.0,0.0,0.0
2022-01-18 18:51:52.003190,0.0,0.0,0.0
2022-01-18 18:51:52.509792,0.0,0.0,0.0
2022-01-18 18:51:53.007965,0.0,0.0,0.0
2022-01-18 18:51:53.502698,0.0,0.0,0.0
2022-01-18 18:51:54.009567,0.0,0.0,0.0
2022-01-18 18:51:54.503454,0.0,0.0,0.0
2022-01-18 18:51:55.011135,0.0,0.0,0.0
2022-01-18 18:51:55.506837,0.0,0.0,0.0
2022-01-18 18:51:56.004105,0.0,0.0,0.0
2022-01-18 18:51:56.509401,0.0,0.0,0.0
2022-01-18 18:51:57.006983,0.0,0.0,0.0
2022-01-18 18:51:57.501273,0.0,0.0,0.0
2022-01-18 18:51:58.008498,0.0,0.0,0.0
2022-01-18 18:51:58.503879,0.0,0.0,0.0
2022-01-18 18:51:59.002023,0.0,0.0,0.0
2022-01-18 18:51:59.507767,0.0,0.0,0.0
2022-01-18 18:52:00.004461,0.0,0.0,0.0
2022-01-18 18:52:00.509881,0.0,0.0,0.0
2022-01-18 18:52:01.007349,0.0,0.0,0.0
2022-01-18 18:52:01.502573,0.0,0.0,0.0
2022-01-18 18:52:02.001022,0.0,0.0,0.0
2022-01-18 18:52:02.506803,0.0,0.0,0.0
2022-01-18 18:52:03.003996,0.0,0.0,0.0
2022-01-18 18:52:03.508458,0.0,0.0,0.0
2022-01-18 18:52:04.006420,0.0,0.0,0.0
2022-01-18 18:52:04.502304,0.0,0.0,0.0
2022-01-18 18:52:05.010302,0.0,0.0,0.0
2022-01-18 18:52:05.506419,0.0,0.0,0.0
2022-01-18 18:52:06.003541,0.0,0.0,0.0
2022-01-18 18:52:06.506810,0.0,0.0,0.0
2022-01-18 18:52:07.004751,0.0,0.0,0.0
2022-01-18 18:52:07.511302,0.0,0.0,0.0
2022-01-18 18:52:08.009266,0.0,0.0,0.0
2022-01-18 18:52:08.503791,0.0,0.0,0.0
2022-01-18 18:52:09.002524,0.0,0.0,0.0
2022-01-18 18:52:09.506543,0.0,0.0,0.0
2022-01-18 18:52:10.004512,0.0,0.0,0.0
2022-01-18 18:52:10.509335,0.0,0.0,0.0
2022-01-18 18:52:11.005847,0.0,0.0,0.0
2022-01-18 18:52:11.510763,0.0,0.0,0.0
2022-01-18 18:52:12.008519,0.0,0.0,0.0
2022-01-18 18:52:12.502842,0.0,0.0,0.0
2022-01-18 18:52:13.001107,0.0,0.0,0.0
2022-01-18 18:52:13.505951,0.0,0.0,0.0
2022-01-18 18:52:14.003891,0.0,0.0,0.0
2022-01-18 18:52:14.507815,0.0,0.0,0.0
2022-01-18 18:52:15.006030,0.0,0.0,0.0
2022-01-18 18:52:15.501274,0.0,0.0,0.0
2022-01-18 18:52:16.009557,0.0,0.0,0.0
2022-01-18 18:52:16.504567,0.0,0.0,0.0
2022-01-18 18:52:17.003952,0.0,0.0,0.0
2022-01-18 18:52:17.508550,0.0,0.0,0.0
2022-01-18 18:52:18.005550,0.0,0.0,0.0
2022-01-18 18:52:18.509303,0.0,0.0,0.0
2022-01-18 18:52:19.007566,0.0,0.0,0.0
2022-01-18 18:52:19.503227,0.0,0.0,0.0
2022-01-18 18:52:20.001112,0.0,0.0,0.0
2022-01-18 18:52:20.507187,0.0,0.0,0.0
2022-01-18 18:52:21.006444,0.0,0.0,0.0
2022-01-18 18:52:21.502522,0.0,0.0,0.0
2022-01-18 18:52:22.010397,0.0,0.0,0.0
2022-01-18 18:52:22.503850,0.0,0.0,0.0
2022-01-18 18:52:23.001938,0.0,0.0,0.0
2022-01-18 18:52:23.508546,0.0,0.0,0.0
2022-01-18 18:52:24.009089,0.0,0.0,0.0
2022-01-18 18:52:24.503977,0.0,0.0,0.0
2022-01-18 18:52:25.002323,0.0,0.0,0.0
2022-01-18 18:52:25.508287,0.0,0.0,0.0
2022-01-18 18:52:26.008097,0.0,0.0,0.0
2022-01-18 18:52:26.501962,0.0,0.0,0.0
2022-01-18 18:52:27.505656,0.0,0.0,0.0
2022-01-18 18:52:28.003702,0.0,0.0,0.0
2022-01-18 18:52:28.509098,0.0,0.0,0.0
2022-01-18 18:52:29.008330,0.0,0.0,0.0
2022-01-18 18:52:29.502777,0.0,0.0,0.0
2022-01-18 18:52:30.000849,0.0,0.0,0.0
2022-01-18 18:52:30.504937,0.0,0.0,0.0
2022-01-18 18:52:31.003441,0.0,0.0,0.0
2022-01-18 18:52:31.504476,0.0,0.0,0.0
2022-01-18 18:52:32.002300,0.0,0.0,0.0
2022-01-18 18:52:32.507307,0.0,0.0,0.0
2022-01-18 18:52:33.006526,0.0,0.0,0.0
2022-01-18 18:52:33.502475,0.0,0.0,0.0
2022-01-18 18:52:34.009399,0.0,0.0,0.0
2022-01-18 18:52:34.502919,0.0,0.0,0.0
2022-01-18 18:52:35.002944,0.0,0.0,0.0
2022-01-18 18:52:35.509002,0.0,0.0,0.0
2022-01-18 18:52:36.006900,0.0,0.0,0.0
2022-01-18 18:52:36.510636,0.0,0.0,0.0
2022-01-18 18:52:37.009063,0.0,0.0,0.0
2022-01-18 18:52:37.506099,0.0,0.0,0.0
2022-01-18 18:52:38.004187,0.0,0.0,0.0
2022-01-18 18:52:38.509764,0.0,0.0,0.0
2022-01-18 18:52:39.010140,0.0,0.0,0.0
2022-01-18 18:52:39.506047,0.0,0.0,0.0
2022-01-18 18:52:40.003718,0.0,0.0,0.0
2022-01-18 18:52:40.509015,0.0,0.0,0.0
2022-01-18 18:52:41.006819,0.0,0.0,0.0
2022-01-18 18:52:41.502312,0.0,0.0,0.0
2022-01-18 18:52:42.002368,0.0,0.0,0.0
2022-01-18 18:52:42.505413,0.0,0.0,0.0
2022-01-18 18:52:43.002572,0.0,0.0,0.0
2022-01-18 18:52:43.507531,0.0,0.0,0.0
2022-01-18 18:52:44.004861,0.0,0.0,0.0
2022-01-18 18:52:44.509693,0.0,0.0,0.0
2022-01-18 18:52:45.007576,0.0,0.0,0.0
2022-01-18 18:52:45.501753,0.0,0.0,0.0
2022-01-18 18:52:46.009897,0.0,0.0,0.0
2022-01-18 18:52:46.505970,0.0,0.0,0.0
2022-01-18 18:52:47.003377,0.0,0.0,0.0
2022-01-18 18:52:47.508633,0.0,0.0,0.0
2022-01-18 18:52:48.005829,0.0,0.0,0.0
2022-01-18 18:52:48.509910,0.0,0.0,0.0
2022-01-18 18:52:49.007129,0.0,0.0,0.0
2022-01-18 18:52:49.501431,0.0,0.0,0.0
2022-01-18 18:52:50.009846,0.0,0.0,0.0
2022-01-18 18:52:50.503899,0.0,0.0,0.0
2022-01-18 18:52:51.001334,0.0,0.0,0.0
2022-01-18 18:52:51.506056,0.0,0.0,0.0
2022-01-18 18:52:52.003216,0.0,0.0,0.0
2022-01-18 18:52:52.507556,0.0,0.0,0.0
2022-01-18 18:52:53.006058,0.0,0.0,0.0
2022-01-18 18:52:53.510415,0.0,0.0,0.0
2022-01-18 18:52:54.007265,0.0,0.0,0.0
2022-01-18 18:52:54.502204,0.0,0.0,0.0
2022-01-18 18:52:55.001616,0.0,0.0,0.0
2022-01-18 18:52:55.507232,0.0,0.0,0.0
2022-01-18 18:52:56.005139,0.0,0.0,0.0
2022-01-18 18:52:56.509007,0.0,0.0,0.0
2022-01-18 18:52:57.006875,0.0,0.0,0.0
2022-01-18 18:52:57.501752,0.0,0.0,0.0
2022-01-18 18:52:58.009254,0.0,0.0,0.0
2022-01-18 18:52:58.503360,0.0,0.0,0.0
2022-01-18 18:52:59.001333,0.0,0.0,0.0
2022-01-18 18:52:59.510082,0.0,0.0,0.0
2022-01-18 18:53:00.009855,0.0,0.0,0.0
2022-01-18 18:53:00.508759,0.0,0.0,0.0
2022-01-18 18:53:01.006141,0.0,0.0,0.0
2022-01-18 18:53:01.502405,0.0,0.0,0.0
2022-01-18 18:53:02.010793,0.0,0.0,0.0
2022-01-18 18:53:02.505445,0.0,0.0,0.0
2022-01-18 18:53:03.002883,0.0,0.0,0.0
2022-01-18 18:53:03.507215,0.0,0.0,0.0
2022-01-18 18:53:04.007316,0.0,0.0,0.0
2022-01-18 18:53:04.503066,0.0,0.0,0.0
2022-01-18 18:53:05.002199,0.0,0.0,0.0
2022-01-18 18:53:05.508530,0.0,0.0,0.0
2022-01-18 18:53:06.006958,0.0,0.0,0.0
2022-01-18 18:53:06.503073,0.0,0.0,0.0
2022-01-18 18:53:07.011190,0.0,0.0,0.0
2022-01-18 18:53:07.506872,0.0,0.0,0.0
2022-01-18 18:53:08.005533,0.0,0.0,0.0
2022-01-18 18:53:08.503726,0.0,0.0,0.0
2022-01-18 18:53:09.003347,0.0,0.0,0.0
2022-01-18 18:53:09.508705,0.0,0.0,0.0
2022-01-18 18:53:10.006138,0.0,0.0,0.0
2022-01-18 18:53:10.500470,0.0,0.0,0.0
2022-01-18 18:53:11.006759,0.0,0.0,0.0
2022-01-18 18:53:11.502871,0.0,0.0,0.0
2022-01-18 18:53:12.010379,0.0,0.0,0.0
2022-01-18 18:53:12.504526,0.0,0.0,0.0
2022-01-18 18:53:13.002061,0.0,0.0,0.0
2022-01-18 18:53:13.508502,0.0,0.0,0.0
2022-01-18 18:53:14.006681,0.0,0.0,0.0
2022-01-18 18:53:14.510863,0.0,0.0,0.0
2022-01-18 18:53:15.007038,0.0,0.0,0.0
2022-01-18 18:53:15.501853,0.0,0.0,0.0
2022-01-18 18:53:16.001446,0.0,0.0,0.0
2022-01-18 18:53:16.506762,0.0,0.0,0.0
2022-01-18 18:53:17.006215,0.0,0.0,0.0
2022-01-18 18:53:17.510344,0.0,0.0,0.0
2022-01-18 18:53:18.007168,0.0,0.0,0.0
2022-01-18 18:53:18.501026,0.0,0.0,0.0
2022-01-18 18:53:19.009864,0.0,0.0,0.0
2022-01-18 18:53:19.503992,0.0,0.0,0.0
2022-01-18 18:53:20.003868,0.0,0.0,0.0
2022-01-18 18:53:20.501300,0.0,0.0,0.0
2022-01-18 18:53:21.009560,0.0,0.0,0.0
2022-01-18 18:53:21.504936,0.0,0.0,0.0
2022-01-18 18:53:22.002746,0.0,0.0,0.0
2022-01-18 18:53:22.507951,0.0,0.0,0.0
2022-01-18 18:53:23.005970,0.0,0.0,0.0
2022-01-18 18:53:23.510725,0.0,0.0,0.0
2022-01-18 18:53:24.006920,0.0,0.0,0.0
2022-01-18 18:53:24.501898,0.0,0.0,0.0
2022-01-18 18:53:25.010378,0.0,0.0,0.0
2022-01-18 18:53:25.507064,0.0,0.0,0.0
2022-01-18 18:53:26.004761,0.0,0.0,0.0
2022-01-18 18:53:26.508753,0.0,0.0,0.0
2022-01-18 18:53:27.006258,0.0,0.0,0.0
2022-01-18 18:53:28.005282,0.0,0.0,0.0
2022-01-18 18:53:28.509765,0.0,0.0,0.0
2022-01-18 18:53:29.008377,0.0,0.0,0.0
2022-01-18 18:53:29.504557,0.0,0.0,0.0
2022-01-18 18:53:30.001943,0.0,0.0,0.0
2022-01-18 18:53:30.506787,0.0,0.0,0.0
2022-01-18 18:53:31.006413,0.0,0.0,0.0
2022-01-18 18:53:31.502025,0.0,0.0,0.0
2022-01-18 18:53:32.010400,0.0,0.0,0.0
2022-01-18 18:53:32.505020,0.0,0.0,0.0
2022-01-18 18:53:33.003435,0.0,0.0,0.0
2022-01-18 18:53:33.509405,0.0,0.0,0.0
2022-01-18 18:53:34.007026,0.0,0.0,0.0
2022-01-18 18:53:34.501751,0.0,0.0,0.0
2022-01-18 18:53:35.010000,0.0,0.0,0.0
2022-01-18 18:53:35.505316,0.0,0.0,0.0
2022-01-18 18:53:36.001726,0.0,0.0,0.0
2022-01-18 18:53:36.505048,0.0,0.0,0.0
2022-01-18 18:53:37.001553,0.0,0.0,0.0
2022-01-18 18:53:37.507262,0.0,0.0,0.0
2022-01-18 18:53:38.006388,0.0,0.0,0.0
2022-01-18 18:53:38.503218,0.0,0.0,0.0
2022-01-18 18:53:39.003030,0.0,0.0,0.0
2022-01-18 18:53:39.507936,0.0,0.0,0.0
2022-01-18 18:53:40.007076,0.0,0.0,0.0
2022-01-18 18:53:40.501813,0.0,0.0,0.0
2022-01-18 18:53:41.010113,0.0,0.0,0.0
2022-01-18 18:53:41.506366,0.0,0.0,0.0
2022-01-18 18:53:42.004013,0.0,0.0,0.0
2022-01-18 18:53:42.509076,0.0,0.0,0.0
2022-01-18 18:53:43.006294,0.0,0.0,0.0
2022-01-18 18:53:43.502418,0.0,0.0,0.0
2022-01-18 18:53:44.009471,0.0,0.0,0.0
2022-01-18 18:53:44.503377,0.0,0.0,0.0
2022-01-18 18:53:45.010892,0.0,0.0,0.0
2022-01-18 18:53:45.505118,0.0,0.0,0.0
2022-01-18 18:53:46.002150,0.0,0.0,0.0
2022-01-18 18:53:46.506368,0.0,0.0,0.0
2022-01-18 18:53:47.004487,0.0,0.0,0.0
2022-01-18 18:53:47.509926,0.0,0.0,0.0
2022-01-18 18:53:48.007025,0.0,0.0,0.0
2022-01-18 18:53:48.511199,0.0,0.0,0.0
2022-01-18 18:53:49.008431,0.0,0.0,0.0
2022-01-18 18:53:49.503623,0.0,0.0,0.0
2022-01-18 18:53:50.003529,0.0,0.0,0.0
2022-01-18 18:53:50.508569,0.0,0.0,0.0
2022-01-18 18:53:51.005615,0.0,0.0,0.0
2022-01-18 18:53:51.502355,0.0,0.0,0.0
2022-01-18 18:53:52.010734,0.0,0.0,0.0
2022-01-18 18:53:52.506696,0.0,0.0,0.0
2022-01-18 18:53:53.003447,0.0,0.0,0.0
2022-01-18 18:53:53.508706,0.0,0.0,0.0
2022-01-18 18:53:54.007302,0.0,0.0,0.0
2022-01-18 18:53:54.502027,0.0,0.0,0.0
2022-01-18 18:53:55.010797,0.0,0.0,0.0
2022-01-18 18:53:55.505816,0.0,0.0,0.0
2022-01-18 18:53:56.004571,0.0,0.0,0.0
2022-01-18 18:53:56.508353,0.0,0.0,0.0
2022-01-18 18:53:57.006171,0.0,0.0,0.0
2022-01-18 18:53:57.510829,0.0,0.0,0.0
2022-01-18 18:53:58.007795,0.0,0.0,0.0
2022-01-18 18:53:58.503170,0.0,0.0,0.0
2022-01-18 18:53:59.001884,0.0,0.0,0.0
2022-01-18 18:53:59.508340,0.0,0.0,0.0
2022-01-18 18:54:00.007106,0.0,0.0,0.0
2022-01-18 18:54:00.505016,0.0,0.0,0.0
2022-01-18 18:54:01.002664,0.0,0.0,0.0
2022-01-18 18:54:01.507394,0.0,0.0,0.0
2022-01-18 18:54:02.004615,0.0,0.0,0.0
2022-01-18 18:54:02.510538,0.0,0.0,0.0
2022-01-18 18:54:03.006426,0.0,0.0,0.0
2022-01-18 18:54:03.510401,0.0,0.0,0.0
2022-01-18 18:54:04.007580,0.0,0.0,0.0
2022-01-18 18:54:04.503242,0.0,0.0,0.0
2022-01-18 18:54:05.011110,0.0,0.0,0.0
2022-01-18 18:54:05.505643,0.0,0.0,0.0
2022-01-18 18:54:06.002593,0.0,0.0,0.0
2022-01-18 18:54:06.506662,0.0,0.0,0.0
2022-01-18 18:54:07.003553,0.0,0.0,0.0
2022-01-18 18:54:07.509143,0.0,0.0,0.0
2022-01-18 18:54:08.006356,0.0,0.0,0.0
2022-01-18 18:54:08.502629,0.0,0.0,0.0
2022-01-18 18:54:09.008807,0.0,0.0,0.0
2022-01-18 18:54:09.503442,0.0,0.0,0.0
2022-01-18 18:54:10.009793,0.0,0.0,0.0
2022-01-18 18:54:10.500620,0.0,0.0,0.0
2022-01-18 18:54:11.004510,0.0,0.0,0.0
2022-01-18 18:54:11.509332,0.0,0.0,0.0
2022-01-18 18:54:12.007544,0.0,0.0,0.0
2022-01-18 18:54:12.502379,0.0,0.0,0.0
2022-01-18 18:54:13.000963,0.0,0.0,0.0
2022-01-18 18:54:13.506504,0.0,0.0,0.0
2022-01-18 18:54:14.003752,0.0,0.0,0.0
2022-01-18 18:54:14.508442,0.0,0.0,0.0
2022-01-18 18:54:15.005920,0.0,0.0,0.0
2022-01-18 18:54:15.501035,0.0,0.0,0.0
2022-01-18 18:54:16.009072,0.0,0.0,0.0
2022-01-18 18:54:16.502928,0.0,0.0,0.0
2022-01-18 18:54:17.001263,0.0,0.0,0.0
2022-01-18 18:54:17.509773,0.0,0.0,0.0
2022-01-18 18:54:18.006574,0.0,0.0,0.0
2022-01-18 18:54:18.501144,0.0,0.0,0.0
2022-01-18 18:54:19.008936,0.0,0.0,0.0
2022-01-18 18:54:19.503769,0.0,0.0,0.0
2022-01-18 18:54:20.001746,0.0,0.0,0.0
2022-01-18 18:54:20.506558,0.0,0.0,0.0
2022-01-18 18:54:21.003815,0.0,0.0,0.0
2022-01-18 18:54:21.508630,0.0,0.0,0.0
2022-01-18 18:54:22.007660,0.0,0.0,0.0
2022-01-18 18:54:22.502294,0.0,0.0,0.0
2022-01-18 18:54:23.010198,0.0,0.0,0.0
2022-01-18 18:54:23.505089,0.0,0.0,0.0
2022-01-18 18:54:24.002704,0.0,0.0,0.0
2022-01-18 18:54:24.506277,0.0,0.0,0.0
2022-01-18 18:54:25.003903,0.0,0.0,0.0
2022-01-18 18:54:25.507705,0.0,0.0,0.0
2022-01-18 18:54:26.006730,0.0,0.0,0.0
2022-01-18 18:54:26.501745,0.0,0.0,0.0
2022-01-18 18:54:27.009488,0.0,0.0,0.0
2022-01-18 18:54:27.504501,0.0,0.0,0.0
2022-01-18 18:54:28.001464,0.0,0.0,0.0
2022-01-18 18:54:28.508495,0.0,0.0,0.0
2022-01-18 18:54:29.006845,0.0,0.0,0.0
2022-01-18 18:54:29.502353,0.0,0.0,0.0
2022-01-18 18:54:30.009168,0.0,0.0,0.0
2022-01-18 18:54:30.504089,0.0,0.0,0.0
2022-01-18 18:54:31.001062,0.0,0.0,0.0
2022-01-18 18:54:31.507418,0.0,0.0,0.0
2022-01-18 18:54:32.005480,0.0,0.0,0.0
2022-01-18 18:54:33.004517,0.0,0.0,0.0
2022-01-18 18:54:33.510615,0.0,0.0,0.0
2022-01-18 18:54:34.008446,0.0,0.0,0.0
2022-01-18 18:54:34.503173,0.0,0.0,0.0
2022-01-18 18:54:35.010329,0.0,0.0,0.0
2022-01-18 18:54:35.504165,0.0,0.0,0.0
2022-01-18 18:54:36.002190,0.0,0.0,0.0
2022-01-18 18:54:36.508576,0.0,0.0,0.0
2022-01-18 18:54:37.006132,0.0,0.0,0.0
2022-01-18 18:54:37.501558,0.0,0.0,0.0
2022-01-18 18:54:38.010797,0.0,0.0,0.0
2022-01-18 18:54:38.505440,0.0,0.0,0.0
2022-01-18 18:54:39.003630,0.0,0.0,0.0
2022-01-18 18:54:39.507595,0.0,0.0,0.0
2022-01-18 18:54:40.005405,0.0,0.0,0.0
2022-01-18 18:54:40.509834,0.0,0.0,0.0
2022-01-18 18:54:41.008472,0.0,0.0,0.0
2022-01-18 18:54:41.503216,0.0,0.0,0.0
2022-01-18 18:54:42.002396,0.0,0.0,0.0
2022-01-18 18:54:42.506252,0.0,0.0,0.0
2022-01-18 18:54:43.002325,0.0,0.0,0.0
2022-01-18 18:54:43.507235,0.0,0.0,0.0
2022-01-18 18:54:44.003979,0.0,0.0,0.0
2022-01-18 18:54:44.507955,0.0,0.0,0.0
2022-01-18 18:54:45.005360,0.0,0.0,0.0
2022-01-18 18:54:45.503011,0.0,0.0,0.0
2022-01-18 18:54:46.504631,0.0,0.0,0.0
2022-01-18 18:54:47.002946,0.0,0.0,0.0
2022-01-18 18:54:47.508090,0.0,0.0,0.0
2022-01-18 18:54:48.006203,0.0,0.0,0.0
2022-01-18 18:54:48.511177,0.0,0.0,0.0
2022-01-18 18:54:49.008317,0.0,0.0,0.0
2022-01-18 18:54:49.502451,0.0,0.0,0.0
2022-01-18 18:54:50.000977,0.0,0.0,0.0
2022-01-18 18:54:50.507431,0.0,0.0,0.0
2022-01-18 18:54:51.004608,0.0,0.0,0.0
2022-01-18 18:54:51.510264,0.0,0.0,0.0
2022-01-18 18:54:52.008573,0.0,0.0,0.0
2022-01-18 18:54:52.502591,0.0,0.0,0.0
2022-01-18 18:54:53.010753,0.0,0.0,0.0
2022-01-18 18:54:53.504641,0.0,0.0,0.0
2022-01-18 18:54:54.002060,0.0,0.0,0.0
2022-01-18 18:54:54.506150,0.0,0.0,0.0
2022-01-18 18:54:55.003708,0.0,0.0,0.0
2022-01-18 18:54:55.509166,0.0,0.0,0.0
2022-01-18 18:54:56.006179,0.0,0.0,0.0
2022-01-18 18:54:56.501725,0.0,0.0,0.0
2022-01-18 18:54:57.009807,0.0,0.0,0.0
2022-01-18 18:54:57.505106,0.0,0.0,0.0
2022-01-18 18:54:58.002163,0.0,0.0,0.0
2022-01-18 18:54:58.507702,0.0,0.0,0.0
2022-01-18 18:54:59.006491,0.0,0.0,0.0
2022-01-18 18:55:00.004508,0.0,0.0,0.0
2022-01-18 18:55:00.510444,0.0,0.0,0.0
2022-01-18 18:55:01.007219,0.0,0.0,0.0
2022-01-18 18:55:01.510736,0.0,0.0,0.0
2022-01-18 18:55:02.008113,0.0,0.0,0.0
2022-01-18 18:55:02.505090,0.0,0.0,0.0
2022-01-18 18:55:03.003485,0.0,0.0,0.0
2022-01-18 18:55:03.508398,0.0,0.0,0.0
2022-01-18 18:55:04.007370,0.0,0.0,0.0
2022-01-18 18:55:04.502924,0.0,0.0,0.0
2022-01-18 18:55:05.011062,0.0,0.0,0.0
2022-01-18 18:55:05.506767,0.0,0.0,0.0
2022-01-18 18:55:06.005521,0.0,0.0,0.0
2022-01-18 18:55:06.510878,0.0,0.0,0.0
2022-01-18 18:55:07.010362,0.0,0.0,0.0
2022-01-18 18:55:07.506433,0.0,0.0,0.0
2022-01-18 18:55:08.003220,0.0,0.0,0.0
2022-01-18 18:55:08.507144,0.0,0.0,0.0
2022-01-18 18:55:09.003460,0.0,0.0,0.0
2022-01-18 18:55:09.509884,0.0,0.0,0.0
2022-01-18 18:55:10.008093,0.0,0.0,0.0
2022-01-18 18:55:10.502085,0.0,0.0,0.0
2022-01-18 18:55:11.007366,0.0,0.0,0.0
2022-01-18 18:55:11.501991,0.0,0.0,0.0
2022-01-18 18:55:12.009357,0.0,0.0,0.0
2022-01-18 18:55:12.504315,0.0,0.0,0.0
2022-01-18 18:55:13.003464,0.0,0.0,0.0
2022-01-18 18:55:13.509815,0.0,0.0,0.0
2022-01-18 18:55:14.007346,0.0,0.0,0.0
2022-01-18 18:55:14.504648,0.0,0.0,0.0
2022-01-18 18:55:15.001841,0.0,0.0,0.0
2022-01-18 18:55:15.505072,0.0,0.0,0.0
2022-01-18 18:55:16.003065,0.0,0.0,0.0
2022-01-18 18:55:16.509430,0.0,0.0,0.0
2022-01-18 18:55:17.007996,0.0,0.0,0.0
2022-01-18 18:55:17.502962,0.0,0.0,0.0
2022-01-18 18:55:18.002149,0.0,0.0,0.0
2022-01-18 18:55:18.506376,0.0,0.0,0.0
2022-01-18 18:55:19.004248,0.0,0.0,0.0
2022-01-18 18:55:19.510654,0.0,0.0,0.0
2022-01-18 18:55:20.007775,0.0,0.0,0.0
2022-01-18 18:55:20.503254,0.0,0.0,0.0
2022-01-18 18:55:21.002083,0.0,0.0,0.0
2022-01-18 18:55:21.506836,0.0,0.0,0.0
2022-01-18 18:55:22.006227,0.0,0.0,0.0
2022-01-18 18:55:22.510838,0.0,0.0,0.0
2022-01-18 18:55:23.009609,0.0,0.0,0.0
2022-01-18 18:55:23.504365,0.0,0.0,0.0
2022-01-18 18:55:24.002450,0.0,0.0,0.0
2022-01-18 18:55:24.506318,0.0,0.0,0.0
2022-01-18 18:55:25.004480,0.0,0.0,0.0
2022-01-18 18:55:25.510806,0.0,0.0,0.0
2022-01-18 18:55:26.008534,0.0,0.0,0.0
2022-01-18 18:55:26.501507,0.0,0.0,0.0
2022-01-18 18:55:27.008878,0.0,0.0,0.0
2022-01-18 18:55:27.503373,0.0,0.0,0.0
2022-01-18 18:55:28.002969,0.0,0.0,0.0
2022-01-18 18:55:28.507855,0.0,0.0,0.0
2022-01-18 18:55:29.005905,0.0,0.0,0.0
2022-01-18 18:55:29.510780,0.0,0.0,0.0
2022-01-18 18:55:30.010739,0.0,0.0,0.0
2022-01-18 18:55:30.505087,0.0,0.0,0.0
2022-01-18 18:55:31.002796,0.0,0.0,0.0
2022-01-18 18:55:31.507444,0.0,0.0,0.0
2022-01-18 18:55:32.004115,0.0,0.0,0.0
2022-01-18 18:55:32.510876,0.0,0.0,0.0
2022-01-18 18:55:33.008765,0.0,0.0,0.0
2022-01-18 18:55:33.505714,0.0,0.0,0.0
2022-01-18 18:55:34.002814,0.0,0.0,0.0
2022-01-18 18:55:34.507748,0.0,0.0,0.0
2022-01-18 18:55:35.005781,0.0,0.0,0.0
2022-01-18 18:55:35.510652,0.0,0.0,0.0
2022-01-18 18:55:36.010154,0.0,0.0,0.0
2022-01-18 18:55:36.504812,0.0,0.0,0.0
2022-01-18 18:55:37.001745,0.0,0.0,0.0
2022-01-18 18:55:37.508538,0.0,0.0,0.0
2022-01-18 18:55:38.007448,0.0,0.0,0.0
2022-01-18 18:55:38.502844,0.0,0.0,0.0
2022-01-18 18:55:39.001256,0.0,0.0,0.0
2022-01-18 18:55:39.505684,0.0,0.0,0.0
2022-01-18 18:55:40.004025,0.0,0.0,0.0
2022-01-18 18:55:40.509143,0.0,0.0,0.0
2022-01-18 18:55:41.006654,0.0,0.0,0.0
2022-01-18 18:55:41.502537,0.0,0.0,0.0
2022-01-18 18:55:42.011222,0.0,0.0,0.0
2022-01-18 18:55:42.505893,0.0,0.0,0.0
2022-01-18 18:55:43.001155,0.0,0.0,0.0
2022-01-18 18:55:43.506370,0.0,0.0,0.0
2022-01-18 18:55:44.003230,0.0,0.0,0.0
2022-01-18 18:55:44.508934,0.0,0.0,0.0
2022-01-18 18:55:45.006105,0.0,0.0,0.0
2022-01-18 18:55:45.510601,0.0,0.0,0.0
2022-01-18 18:55:46.008049,0.0,0.0,0.0
2022-01-18 18:55:46.504241,0.0,0.0,0.0
2022-01-18 18:55:47.003311,0.0,0.0,0.0
2022-01-18 18:55:47.509127,0.0,0.0,0.0
2022-01-18 18:55:48.007455,0.0,0.0,0.0
2022-01-18 18:55:48.501188,0.0,0.0,0.0
2022-01-18 18:55:49.009136,0.0,0.0,0.0
2022-01-18 18:55:49.504204,0.0,0.0,0.0
2022-01-18 18:55:50.002736,0.0,0.0,0.0
2022-01-18 18:55:50.509958,0.0,0.0,0.0
2022-01-18 18:55:51.007314,0.0,0.0,0.0
2022-01-18 18:55:51.501983,0.0,0.0,0.0
2022-01-18 18:55:52.010664,0.0,0.0,0.0
2022-01-18 18:55:52.504988,0.0,0.0,0.0
2022-01-18 18:55:53.003266,0.0,0.0,0.0
2022-01-18 18:55:53.506939,0.0,0.0,0.0
2022-01-18 18:55:54.005797,0.0,0.0,0.0
2022-01-18 18:55:54.501178,0.0,0.0,0.0
2022-01-18 18:55:55.002738,0.0,0.0,0.0
2022-01-18 18:55:55.508691,0.0,0.0,0.0
2022-01-18 18:55:56.006377,0.0,0.0,0.0
2022-01-18 18:55:56.510438,0.0,0.0,0.0
2022-01-18 18:55:57.009890,0.0,0.0,0.0
2022-01-18 18:55:57.505072,0.0,0.0,0.0
2022-01-18 18:55:58.003814,0.0,0.0,0.0
2022-01-18 18:55:58.509553,0.0,0.0,0.0
2022-01-18 18:55:59.006382,0.0,0.0,0.0
2022-01-18 18:55:59.503131,0.0,0.0,0.0
2022-01-18 18:56:00.001636,0.0,0.0,0.0
2022-01-18 18:56:00.506796,0.0,0.0,0.0
2022-01-18 18:56:01.005849,0.0,0.0,0.0
2022-01-18 18:56:01.510758,0.0,0.0,0.0
2022-01-18 18:56:02.008572,0.0,0.0,0.0
2022-01-18 18:56:02.502874,0.0,0.0,0.0
2022-01-18 18:56:03.001166,0.0,0.0,0.0
2022-01-18 18:56:03.507093,0.0,0.0,0.0
2022-01-18 18:56:04.006857,0.0,0.0,0.0
2022-01-18 18:56:04.501827,0.0,0.0,0.0
2022-01-18 18:56:05.009836,0.0,0.0,0.0
2022-01-18 18:56:05.504462,0.0,0.0,0.0
2022-01-18 18:56:06.001670,0.0,0.0,0.0
2022-01-18 18:56:06.505896,0.0,0.0,0.0
2022-01-18 18:56:07.010825,0.0,0.0,0.0
2022-01-18 18:56:07.508379,0.0,0.0,0.0
2022-01-18 18:56:08.008232,0.0,0.0,0.0
2022-01-18 18:56:08.504137,0.0,0.0,0.0
2022-01-18 18:56:09.002679,0.0,0.0,0.0
2022-01-18 18:56:09.506789,0.0,0.0,0.0
2022-01-18 18:56:10.005149,0.0,0.0,0.0
2022-01-18 18:56:10.507857,0.0,0.0,0.0
2022-01-18 18:56:11.005738,0.0,0.0,0.0
2022-01-18 18:56:11.501173,0.0,0.0,0.0
2022-01-18 18:56:12.010208,0.0,0.0,0.0
2022-01-18 18:56:12.503101,0.0,0.0,0.0
2022-01-18 18:56:13.010655,0.0,0.0,0.0
2022-01-18 18:56:13.505027,0.0,0.0,0.0
2022-01-18 18:56:14.002587,0.0,0.0,0.0
2022-01-18 18:56:14.507253,0.0,0.0,0.0
2022-01-18 18:56:15.005766,0.0,0.0,0.0
2022-01-18 18:56:15.511213,0.0,0.0,0.0
2022-01-18 18:56:16.010289,0.0,0.0,0.0
2022-01-18 18:56:16.507064,0.0,0.0,0.0
2022-01-18 18:56:17.005169,0.0,0.0,0.0
2022-01-18 18:56:17.509657,0.0,0.0,0.0
2022-01-18 18:56:18.006804,0.0,0.0,0.0
2022-01-18 18:56:18.501450,0.0,0.0,0.0
2022-01-18 18:56:19.009129,0.0,0.0,0.0
2022-01-18 18:56:19.502934,0.0,0.0,0.0
2022-01-18 18:56:20.010934,0.0,0.0,0.0
2022-01-18 18:56:20.506514,0.0,0.0,0.0
2022-01-18 18:56:21.003887,0.0,0.0,0.0
2022-01-18 18:56:21.510032,0.0,0.0,0.0
2022-01-18 18:56:22.007685,0.0,0.0,0.0
2022-01-18 18:56:22.502741,0.0,0.0,0.0
2022-01-18 18:56:23.001256,0.0,0.0,0.0
2022-01-18 18:56:23.508101,0.0,0.0,0.0
2022-01-18 18:56:24.006280,0.0,0.0,0.0
2022-01-18 18:56:24.501369,0.0,0.0,0.0
2022-01-18 18:56:25.009665,0.0,0.0,0.0
2022-01-18 18:56:25.505692,0.0,0.0,0.0
2022-01-18 18:56:26.003767,0.0,0.0,0.0
2022-01-18 18:56:26.506026,0.0,0.0,0.0
2022-01-18 18:56:27.003552,0.0,0.0,0.0
2022-01-18 18:56:27.506985,0.0,0.0,0.0
2022-01-18 18:56:28.004537,0.0,0.0,0.0
2022-01-18 18:56:28.511170,0.0,0.0,0.0
2022-01-18 18:56:29.008326,0.0,0.0,0.0
2022-01-18 18:56:29.502820,0.0,0.0,0.0
2022-01-18 18:56:30.001019,0.0,0.0,0.0
2022-01-18 18:56:30.510768,0.0,0.0,0.0
2022-01-18 18:56:31.009091,0.0,0.0,0.0
2022-01-18 18:56:31.504190,0.0,0.0,0.0
2022-01-18 18:56:32.001812,0.0,0.0,0.0
2022-01-18 18:56:32.507499,0.0,0.0,0.0
2022-01-18 18:56:33.006498,0.0,0.0,0.0
2022-01-18 18:56:33.510893,0.0,0.0,0.0
2022-01-18 18:56:34.008615,0.0,0.0,0.0
2022-01-18 18:56:34.503892,0.0,0.0,0.0
2022-01-18 18:56:35.003386,0.0,0.0,0.0
2022-01-18 18:56:35.507845,0.0,0.0,0.0
2022-01-18 18:56:36.005924,0.0,0.0,0.0
2022-01-18 18:56:36.510384,0.0,0.0,0.0
2022-01-18 18:56:37.008052,0.0,0.0,0.0
2022-01-18 18:56:37.503924,0.0,0.0,0.0
2022-01-18 18:56:38.011144,0.0,0.0,0.0
2022-01-18 18:56:38.507029,0.0,0.0,0.0
2022-01-18 18:56:39.005055,0.0,0.0,0.0
2022-01-18 18:56:39.510660,0.0,0.0,0.0
2022-01-18 18:56:40.008959,0.0,0.0,0.0
2022-01-18 18:56:40.504112,0.0,0.0,0.0
2022-01-18 18:56:41.002796,0.0,0.0,0.0
2022-01-18 18:56:41.506807,0.0,0.0,0.0
2022-01-18 18:56:42.005412,0.0,0.0,0.0
2022-01-18 18:56:42.509188,0.0,0.0,0.0
2022-01-18 18:56:43.004440,0.0,0.0,0.0
2022-01-18 18:56:43.511181,0.0,0.0,0.0
2022-01-18 18:56:44.009071,0.0,0.0,0.0
2022-01-18 18:56:44.503422,0.0,0.0,0.0
2022-01-18 18:56:45.001322,0.0,0.0,0.0
2022-01-18 18:56:45.505922,0.0,0.0,0.0
2022-01-18 18:56:46.003618,0.0,0.0,0.0
2022-01-18 18:56:46.509088,0.0,0.0,0.0
2022-01-18 18:56:47.006427,0.0,0.0,0.0
2022-01-18 18:56:47.501563,0.0,0.0,0.0
2022-01-18 18:56:48.010787,0.0,0.0,0.0
2022-01-18 18:56:48.505016,0.0,0.0,0.0
2022-01-18 18:56:49.002878,0.0,0.0,0.0
2022-01-18 18:56:49.507478,0.0,0.0,0.0
2022-01-18 18:56:50.006879,0.0,0.0,0.0
2022-01-18 18:56:50.501752,0.0,0.0,0.0
2022-01-18 18:56:51.011086,0.0,0.0,0.0
2022-01-18 18:56:51.505496,0.0,0.0,0.0
2022-01-18 18:56:52.003369,0.0,0.0,0.0
2022-01-18 18:56:52.510129,0.0,0.0,0.0
2022-01-18 18:56:53.008463,0.0,0.0,0.0
2022-01-18 18:56:53.503981,0.0,0.0,0.0
2022-01-18 18:56:54.002202,0.0,0.0,0.0
2022-01-18 18:56:54.507853,0.0,0.0,0.0
2022-01-18 18:56:55.006107,0.0,0.0,0.0
2022-01-18 18:56:55.510438,0.0,0.0,0.0
2022-01-18 18:56:56.007916,0.0,0.0,0.0
2022-01-18 18:56:56.502568,0.0,0.0,0.0
2022-01-18 18:56:57.000854,0.0,0.0,0.0
2022-01-18 18:56:57.504561,0.0,0.0,0.0
2022-01-18 18:56:58.002226,0.0,0.0,0.0
2022-01-18 18:56:58.507439,0.0,0.0,0.0
2022-01-18 18:56:59.005762,0.0,0.0,0.0
2022-01-18 18:56:59.510822,0.0,0.0,0.0
2022-01-18 18:57:00.008078,0.0,0.0,0.0
2022-01-18 18:57:00.501451,0.0,0.0,0.0
2022-01-18 18:57:01.009982,0.0,0.0,0.0
2022-01-18 18:57:01.503966,0.0,0.0,0.0
2022-01-18 18:57:02.003279,0.0,0.0,0.0
2022-01-18 18:57:02.508344,0.0,0.0,0.0
2022-01-18 18:57:03.006116,0.0,0.0,0.0
2022-01-18 18:57:03.502417,0.0,0.0,0.0
2022-01-18 18:57:04.010244,0.0,0.0,0.0
2022-01-18 18:57:04.505344,0.0,0.0,0.0
2022-01-18 18:57:05.002926,0.0,0.0,0.0
2022-01-18 18:57:05.510188,0.0,0.0,0.0
2022-01-18 18:57:06.008898,0.0,0.0,0.0
2022-01-18 18:57:06.502851,0.0,0.0,0.0
2022-01-18 18:57:07.010278,0.0,0.0,0.0
2022-01-18 18:57:07.505409,0.0,0.0,0.0
2022-01-18 18:57:08.002945,0.0,0.0,0.0
2022-01-18 18:57:08.510415,0.0,0.0,0.0
2022-01-18 18:57:09.008010,0.0,0.0,0.0
2022-01-18 18:57:09.502419,0.0,0.0,0.0
2022-01-18 18:57:10.003297,0.0,0.0,0.0
2022-01-18 18:57:10.507797,0.0,0.0,0.0
2022-01-18 18:57:11.006864,0.0,0.0,0.0
2022-01-18 18:57:11.502225,0.0,0.0,0.0
2022-01-18 18:57:12.009507,0.0,0.0,0.0
2022-01-18 18:57:12.503943,0.0,0.0,0.0
2022-01-18 18:57:13.001474,0.0,0.0,0.0
2022-01-18 18:57:13.506679,0.0,0.0,0.0
2022-01-18 18:57:14.003479,0.0,0.0,0.0
2022-01-18 18:57:14.510327,0.0,0.0,0.0
2022-01-18 18:57:15.007623,0.0,0.0,0.0
2022-01-18 18:57:15.501879,0.0,0.0,0.0
2022-01-18 18:57:16.009463,0.0,0.0,0.0
2022-01-18 18:57:16.504090,0.0,0.0,0.0
2022-01-18 18:57:17.003086,0.0,0.0,0.0
2022-01-18 18:57:17.509122,0.0,0.0,0.0
2022-01-18 18:57:18.004603,0.0,0.0,0.0
2022-01-18 18:57:18.508657,0.0,0.0,0.0
2022-01-18 18:57:19.009697,0.0,0.0,0.0
2022-01-18 18:57:19.503423,0.0,0.0,0.0
2022-01-18 18:57:20.002572,0.0,0.0,0.0
2022-01-18 18:57:20.509795,0.0,0.0,0.0
2022-01-18 18:57:21.008167,0.0,0.0,0.0
2022-01-18 18:57:21.503647,0.0,0.0,0.0
2022-01-18 18:57:22.001423,0.0,0.0,0.0
2022-01-18 18:57:22.505292,0.0,0.0,0.0
2022-01-18 18:57:23.003299,0.0,0.0,0.0
2022-01-18 18:57:23.509804,0.0,0.0,0.0
2022-01-18 18:57:24.007020,0.0,0.0,0.0
2022-01-18 18:57:24.501634,0.0,0.0,0.0
2022-01-18 18:57:25.009205,0.0,0.0,0.0
2022-01-18 18:57:25.504186,0.0,0.0,0.0
2022-01-18 18:57:26.002309,0.0,0.0,0.0
2022-01-18 18:57:26.509367,0.0,0.0,0.0
2022-01-18 18:57:27.007748,0.0,0.0,0.0
2022-01-18 18:57:27.502307,0.0,0.0,0.0
2022-01-18 18:57:28.001860,0.0,0.0,0.0
2022-01-18 18:57:28.506837,0.0,0.0,0.0
2022-01-18 18:57:29.002968,0.0,0.0,0.0
2022-01-18 18:57:29.508042,0.0,0.0,0.0
2022-01-18 18:57:30.006420,0.0,0.0,0.0
2022-01-18 18:57:30.502243,0.0,0.0,0.0
2022-01-18 18:57:31.008914,0.0,0.0,0.0
2022-01-18 18:57:31.504583,0.0,0.0,0.0
2022-01-18 18:57:32.003288,0.0,0.0,0.0
2022-01-18 18:57:32.501147,0.0,0.0,0.0
2022-01-18 18:57:33.010436,0.0,0.0,0.0
2022-01-18 18:57:33.506052,0.0,0.0,0.0
2022-01-18 18:57:34.004012,0.0,0.0,0.0
2022-01-18 18:57:34.507976,0.0,0.0,0.0
2022-01-18 18:57:35.004988,0.0,0.0,0.0
2022-01-18 18:57:36.005305,0.0,0.0,0.0
2022-01-18 18:57:36.509745,0.0,0.0,0.0
2022-01-18 18:57:37.007971,0.0,0.0,0.0
2022-01-18 18:57:37.504115,0.0,0.0,0.0
2022-01-18 18:57:38.002138,0.0,0.0,0.0
2022-01-18 18:57:38.507389,0.0,0.0,0.0
2022-01-18 18:57:39.006417,0.0,0.0,0.0
2022-01-18 18:57:39.511096,0.0,0.0,0.0
2022-01-18 18:57:40.008869,0.0,0.0,0.0
2022-01-18 18:57:40.504221,0.0,0.0,0.0
2022-01-18 18:57:41.001763,0.0,0.0,0.0
2022-01-18 18:57:41.507535,0.0,0.0,0.0
2022-01-18 18:57:42.006679,0.0,0.0,0.0
2022-01-18 18:57:43.004421,0.0,0.0,0.0
2022-01-18 18:57:43.509757,0.0,0.0,0.0
2022-01-18 18:57:44.008279,0.0,0.0,0.0
2022-01-18 18:57:44.507614,0.0,0.0,0.0
2022-01-18 18:57:45.005512,0.0,0.0,0.0
2022-01-18 18:57:45.501974,0.0,0.0,0.0
2022-01-18 18:57:46.010128,0.0,0.0,0.0
2022-01-18 18:57:46.505554,0.0,0.0,0.0
2022-01-18 18:57:47.004048,0.0,0.0,0.0
2022-01-18 18:57:47.507579,0.0,0.0,0.0
2022-01-18 18:57:48.005246,0.0,0.0,0.0
2022-01-18 18:57:48.508963,0.0,0.0,0.0
2022-01-18 18:57:49.006667,0.0,0.0,0.0
2022-01-18 18:57:49.502052,0.0,0.0,0.0
2022-01-18 18:57:50.008949,0.0,0.0,0.0
2022-01-18 18:57:50.504296,0.0,0.0,0.0
2022-01-18 18:57:51.003216,0.0,0.0,0.0
2022-01-18 18:57:51.506873,0.0,0.0,0.0
2022-01-18 18:57:52.004060,0.0,0.0,0.0
2022-01-18 18:57:52.508981,0.0,0.0,0.0
2022-01-18 18:57:53.006981,0.0,0.0,0.0
2022-01-18 18:57:53.502881,0.0,0.0,0.0
2022-01-18 18:57:54.002164,0.0,0.0,0.0
2022-01-18 18:57:54.506639,0.0,0.0,0.0
2022-01-18 18:57:55.003701,0.0,0.0,0.0
2022-01-18 18:57:55.510439,0.0,0.0,0.0
2022-01-18 18:57:56.007122,0.0,0.0,0.0
2022-01-18 18:57:56.503278,0.0,0.0,0.0
2022-01-18 18:57:57.001386,0.0,0.0,0.0
2022-01-18 18:57:57.506099,0.0,0.0,0.0
2022-01-18 18:57:58.002864,0.0,0.0,0.0
2022-01-18 18:57:58.506797,0.0,0.0,0.0
2022-01-18 18:57:59.003931,0.0,0.0,0.0
2022-01-18 18:57:59.508945,0.0,0.0,0.0
2022-01-18 18:58:00.007741,0.0,0.0,0.0
2022-01-18 18:58:00.501443,0.0,0.0,0.0
2022-01-18 18:58:01.008953,0.0,0.0,0.0
2022-01-18 18:58:01.502750,0.0,0.0,0.0
2022-01-18 18:58:02.010147,0.0,0.0,0.0
2022-01-18 18:58:02.505744,0.0,0.0,0.0
2022-01-18 18:58:03.003564,0.0,0.0,0.0
2022-01-18 18:58:03.508774,0.0,0.0,0.0
2022-01-18 18:58:04.008246,0.0,0.0,0.0
2022-01-18 18:58:04.502995,0.0,0.0,0.0
2022-01-18 18:58:05.010327,0.0,0.0,0.0
2022-01-18 18:58:05.505435,0.0,0.0,0.0
2022-01-18 18:58:06.003907,0.0,0.0,0.0
2022-01-18 18:58:06.508103,0.0,0.0,0.0
2022-01-18 18:58:07.006670,0.0,0.0,0.0
2022-01-18 18:58:08.005120,0.0,0.0,0.0
2022-01-18 18:58:08.511050,0.0,0.0,0.0
2022-01-18 18:58:09.009125,0.0,0.0,0.0
2022-01-18 18:58:09.502768,0.0,0.0,0.0
2022-01-18 18:58:10.002776,0.0,0.0,0.0
2022-01-18 18:58:10.506474,0.0,0.0,0.0
2022-01-18 18:58:11.003487,0.0,0.0,0.0
2022-01-18 18:58:11.508672,0.0,0.0,0.0
2022-01-18 18:58:12.006130,0.0,0.0,0.0
2022-01-18 18:58:12.510765,0.0,0.0,0.0
2022-01-18 18:58:13.008361,0.0,0.0,0.0
2022-01-18 18:58:13.506139,0.0,0.0,0.0
2022-01-18 18:58:14.004107,0.0,0.0,0.0
2022-01-18 18:58:14.509026,0.0,0.0,0.0
2022-01-18 18:58:15.006624,0.0,0.0,0.0
2022-01-18 18:58:15.501395,0.0,0.0,0.0
2022-01-18 18:58:16.008560,0.0,0.0,0.0
2022-01-18 18:58:16.504420,0.0,0.0,0.0
2022-01-18 18:58:17.002928,0.0,0.0,0.0
2022-01-18 18:58:17.508290,0.0,0.0,0.0
2022-01-18 18:58:18.007124,0.0,0.0,0.0
2022-01-18 18:58:18.502278,0.0,0.0,0.0
2022-01-18 18:58:19.008943,0.0,0.0,0.0
2022-01-18 18:58:19.503263,0.0,0.0,0.0
2022-01-18 18:58:20.001745,0.0,0.0,0.0
2022-01-18 18:58:20.506076,0.0,0.0,0.0
2022-01-18 18:58:21.002045,0.0,0.0,0.0
2022-01-18 18:58:21.506585,0.0,0.0,0.0
2022-01-18 18:58:22.004173,0.0,0.0,0.0
2022-01-18 18:58:22.510842,0.0,0.0,0.0
2022-01-18 18:58:23.010268,0.0,0.0,0.0
2022-01-18 18:58:23.504603,0.0,0.0,0.0
2022-01-18 18:58:24.001126,0.0,0.0,0.0
2022-01-18 18:58:24.504657,0.0,0.0,0.0
2022-01-18 18:58:25.009157,0.0,0.0,0.0
2022-01-18 18:58:25.503375,0.0,0.0,0.0
2022-01-18 18:58:26.001925,0.0,0.0,0.0
2022-01-18 18:58:26.506949,0.0,0.0,0.0
2022-01-18 18:58:27.005419,0.0,0.0,0.0
2022-01-18 18:58:27.510582,0.0,0.0,0.0
2022-01-18 18:58:28.007553,0.0,0.0,0.0
2022-01-18 18:58:28.503330,0.0,0.0,0.0
2022-01-18 18:58:29.011088,0.0,0.0,0.0
2022-01-18 18:58:29.507621,0.0,0.0,0.0
2022-01-18 18:58:30.004833,0.0,0.0,0.0
2022-01-18 18:58:30.508576,0.0,0.0,0.0
2022-01-18 18:58:31.006510,0.0,0.0,0.0
2022-01-18 18:58:31.502153,0.0,0.0,0.0
2022-01-18 18:58:32.010442,0.0,0.0,0.0
2022-01-18 18:58:32.504678,0.0,0.0,0.0
2022-01-18 18:58:33.001295,0.0,0.0,0.0
2022-01-18 18:58:33.505353,0.0,0.0,0.0
2022-01-18 18:58:34.003148,0.0,0.0,0.0
2022-01-18 18:58:34.507336,0.0,0.0,0.0
2022-01-18 18:58:35.006366,0.0,0.0,0.0
2022-01-18 18:58:35.510884,0.0,0.0,0.0
2022-01-18 18:58:36.007532,0.0,0.0,0.0
2022-01-18 18:58:36.503700,0.0,0.0,0.0
2022-01-18 18:58:37.010253,0.0,0.0,0.0
2022-01-18 18:58:37.506288,0.0,0.0,0.0
2022-01-18 18:58:38.006207,0.0,0.0,0.0
2022-01-18 18:58:38.510913,0.0,0.0,0.0
2022-01-18 18:58:39.009341,0.0,0.0,0.0
2022-01-18 18:58:39.510846,0.0,0.0,0.0
2022-01-18 18:58:40.007602,0.0,0.0,0.0
2022-01-18 18:58:40.505518,0.0,0.0,0.0
2022-01-18 18:58:41.003342,0.0,0.0,0.0
2022-01-18 18:58:41.508119,0.0,0.0,0.0
2022-01-18 18:58:42.005969,0.0,0.0,0.0
2022-01-18 18:58:42.510941,0.0,0.0,0.0
2022-01-18 18:58:43.007358,0.0,0.0,0.0
2022-01-18 18:58:43.502457,0.0,0.0,0.0
2022-01-18 18:58:44.009716,0.0,0.0,0.0
2022-01-18 18:58:44.505335,0.0,0.0,0.0
2022-01-18 18:58:45.003746,0.0,0.0,0.0
2022-01-18 18:58:45.507441,0.0,0.0,0.0
2022-01-18 18:58:46.005546,0.0,0.0,0.0
2022-01-18 18:58:46.510587,0.0,0.0,0.0
2022-01-18 18:58:47.007546,0.0,0.0,0.0
2022-01-18 18:58:47.502398,0.0,0.0,0.0
2022-01-18 18:58:48.011167,0.0,0.0,0.0
2022-01-18 18:58:48.507431,0.0,0.0,0.0
2022-01-18 18:58:49.006318,0.0,0.0,0.0
2022-01-18 18:58:49.502068,0.0,0.0,0.0
2022-01-18 18:58:50.009796,0.0,0.0,0.0
2022-01-18 18:58:50.504898,0.0,0.0,0.0
2022-01-18 18:58:51.002707,0.0,0.0,0.0
2022-01-18 18:58:51.506270,0.0,0.0,0.0
2022-01-18 18:58:52.003419,0.0,0.0,0.0
2022-01-18 18:58:52.508007,0.0,0.0,0.0
2022-01-18 18:58:53.006322,0.0,0.0,0.0
2022-01-18 18:58:53.501015,0.0,0.0,0.0
2022-01-18 18:58:54.009939,0.0,0.0,0.0
2022-01-18 18:58:54.505027,0.0,0.0,0.0
2022-01-18 18:58:55.003384,0.0,0.0,0.0
2022-01-18 18:58:55.508501,0.0,0.0,0.0
2022-01-18 18:58:56.006739,0.0,0.0,0.0
2022-01-18 18:58:56.501975,0.0,0.0,0.0
2022-01-18 18:58:57.009974,0.0,0.0,0.0
2022-01-18 18:58:57.507200,0.0,0.0,0.0
2022-01-18 18:58:58.005093,0.0,0.0,0.0
2022-01-18 18:58:58.501043,0.0,0.0,0.0
2022-01-18 18:58:59.008449,0.0,0.0,0.0
2022-01-18 18:58:59.503408,0.0,0.0,0.0
2022-01-18 18:59:00.001820,0.0,0.0,0.0
2022-01-18 18:59:00.508087,0.0,0.0,0.0
2022-01-18 18:59:01.006663,0.0,0.0,0.0
2022-01-18 18:59:01.502020,0.0,0.0,0.0
2022-01-18 18:59:02.010015,0.0,0.0,0.0
2022-01-18 18:59:02.506431,0.0,0.0,0.0
2022-01-18 18:59:03.004192,0.0,0.0,0.0
2022-01-18 18:59:03.508761,0.0,0.0,0.0
2022-01-18 18:59:04.006570,0.0,0.0,0.0
2022-01-18 18:59:04.510134,0.0,0.0,0.0
2022-01-18 18:59:05.007949,0.0,0.0,0.0
2022-01-18 18:59:05.502011,0.0,0.0,0.0
2022-01-18 18:59:06.008542,0.0,0.0,0.0
2022-01-18 18:59:06.503545,0.0,0.0,0.0
2022-01-18 18:59:07.010512,0.0,0.0,0.0
2022-01-18 18:59:07.505141,0.0,0.0,0.0
2022-01-18 18:59:08.002087,0.0,0.0,0.0
2022-01-18 18:59:08.507208,0.0,0.0,0.0
2022-01-18 18:59:09.006024,0.0,0.0,0.0
2022-01-18 18:59:09.509345,0.0,0.0,0.0
2022-01-18 18:59:10.007036,0.0,0.0,0.0
2022-01-18 18:59:10.510442,0.0,0.0,0.0
2022-01-18 18:59:11.006676,0.0,0.0,0.0
2022-01-18 18:59:11.503120,0.0,0.0,0.0
2022-01-18 18:59:12.002451,0.0,0.0,0.0
2022-01-18 18:59:12.508357,0.0,0.0,0.0
2022-01-18 18:59:13.006598,0.0,0.0,0.0
2022-01-18 18:59:13.501104,0.0,0.0,0.0
2022-01-18 18:59:14.008607,0.0,0.0,0.0
2022-01-18 18:59:14.502151,0.0,0.0,0.0
2022-01-18 18:59:15.004272,0.0,0.0,0.0
2022-01-18 18:59:15.507600,0.0,0.0,0.0
2022-01-18 18:59:16.005867,0.0,0.0,0.0
2022-01-18 18:59:16.501504,0.0,0.0,0.0
2022-01-18 18:59:17.009003,0.0,0.0,0.0
2022-01-18 18:59:17.503900,0.0,0.0,0.0
2022-01-18 18:59:18.002085,0.0,0.0,0.0
2022-01-18 18:59:18.507190,0.0,0.0,0.0
2022-01-18 18:59:19.005041,0.0,0.0,0.0
2022-01-18 18:59:19.510792,0.0,0.0,0.0
2022-01-18 18:59:20.008351,0.0,0.0,0.0
2022-01-18 18:59:20.503879,0.0,0.0,0.0
2022-01-18 18:59:21.002103,0.0,0.0,0.0
2022-01-18 18:59:21.506030,0.0,0.0,0.0
2022-01-18 18:59:22.003613,0.0,0.0,0.0
2022-01-18 18:59:22.509115,0.0,0.0,0.0
2022-01-18 18:59:23.006961,0.0,0.0,0.0
2022-01-18 18:59:23.503355,0.0,0.0,0.0
2022-01-18 18:59:24.002900,0.0,0.0,0.0
2022-01-18 18:59:24.507919,0.0,0.0,0.0
2022-01-18 18:59:25.006897,0.0,0.0,0.0
2022-01-18 18:59:25.502368,0.0,0.0,0.0
2022-01-18 18:59:26.009106,0.0,0.0,0.0
2022-01-18 18:59:26.505496,0.0,0.0,0.0
2022-01-18 18:59:27.003101,0.0,0.0,0.0
2022-01-18 18:59:27.508408,0.0,0.0,0.0
2022-01-18 18:59:28.007239,0.0,0.0,0.0
2022-01-18 18:59:28.503423,0.0,0.0,0.0
2022-01-18 18:59:29.003434,0.0,0.0,0.0
2022-01-18 18:59:29.508596,0.0,0.0,0.0
2022-01-18 18:59:30.006193,0.0,0.0,0.0
2022-01-18 18:59:31.004103,0.0,0.0,0.0
2022-01-18 18:59:31.509140,0.0,0.0,0.0
2022-01-18 18:59:32.009762,0.0,0.0,0.0
2022-01-18 18:59:32.505883,0.0,0.0,0.0
2022-01-18 18:59:33.002693,0.0,0.0,0.0
2022-01-18 18:59:33.509278,0.0,0.0,0.0
2022-01-18 18:59:34.007225,0.0,0.0,0.0
2022-01-18 18:59:34.501910,0.0,0.0,0.0
2022-01-18 18:59:35.009367,0.0,0.0,0.0
2022-01-18 18:59:35.504542,0.0,0.0,0.0
2022-01-18 18:59:36.002383,0.0,0.0,0.0
2022-01-18 18:59:36.507591,0.0,0.0,0.0
2022-01-18 18:59:37.006728,0.0,0.0,0.0
2022-01-18 18:59:37.501740,0.0,0.0,0.0
2022-01-18 18:59:38.010765,0.0,0.0,0.0
2022-01-18 18:59:38.504809,0.0,0.0,0.0
2022-01-18 18:59:39.002480,0.0,0.0,0.0
2022-01-18 18:59:39.505881,0.0,0.0,0.0
2022-01-18 18:59:40.004300,0.0,0.0,0.0
2022-01-18 18:59:40.508980,0.0,0.0,0.0
2022-01-18 18:59:41.007442,0.0,0.0,0.0
2022-01-18 18:59:41.502269,0.0,0.0,0.0
2022-01-18 18:59:42.010313,0.0,0.0,0.0
2022-01-18 18:59:42.505127,0.0,0.0,0.0
2022-01-18 18:59:43.002302,0.0,0.0,0.0
2022-01-18 18:59:43.508293,0.0,0.0,0.0
2022-01-18 18:59:44.006753,0.0,0.0,0.0
2022-01-18 18:59:44.510305,0.0,0.0,0.0
2022-01-18 18:59:45.008491,0.0,0.0,0.0
2022-01-18 18:59:45.509197,0.0,0.0,0.0
2022-01-18 18:59:46.007694,0.0,0.0,0.0
2022-01-18 18:59:46.503803,0.0,0.0,0.0
2022-01-18 18:59:47.002079,0.0,0.0,0.0
2022-01-18 18:59:47.506737,0.0,0.0,0.0
2022-01-18 18:59:48.003861,0.0,0.0,0.0
2022-01-18 18:59:48.510947,0.0,0.0,0.0
2022-01-18 18:59:49.009403,0.0,0.0,0.0
2022-01-18 18:59:49.505235,0.0,0.0,0.0
2022-01-18 18:59:50.003894,0.0,0.0,0.0
2022-01-18 18:59:50.508036,0.0,0.0,0.0
2022-01-18 18:59:51.007439,0.0,0.0,0.0
2022-01-18 18:59:51.501746,0.0,0.0,0.0
2022-01-18 18:59:52.009857,0.0,0.0,0.0
2022-01-18 18:59:52.504071,0.0,0.0,0.0
2022-01-18 18:59:53.002499,0.0,0.0,0.0
2022-01-18 18:59:53.508571,0.0,0.0,0.0
2022-01-18 18:59:54.005922,0.0,0.0,0.0
2022-01-18 18:59:54.501188,0.0,0.0,0.0
2022-01-18 18:59:55.008846,0.0,0.0,0.0
2022-01-18 18:59:55.504559,0.0,0.0,0.0
2022-01-18 18:59:56.003443,0.0,0.0,0.0
2022-01-18 18:59:56.509203,0.0,0.0,0.0
2022-01-18 18:59:57.006250,0.0,0.0,0.0
2022-01-18 18:59:57.501450,0.0,0.0,0.0
2022-01-18 18:59:58.009554,0.0,0.0,0.0
2022-01-18 18:59:58.504632,0.0,0.0,0.0
2022-01-18 18:59:59.001753,0.0,0.0,0.0
2022-01-18 18:59:59.508568,0.0,0.0,0.0
